-0.35227284 -0.13831767 0.29017013 -0.09031824 -0.25598451 -0.18048283 -0.089169964 -0.616325 -0.25921682 -0.45968774
-0.3578561 -0.083465554 0.36336517 -0.18115081 -0.23355342 -0.16930005 -0.13890517 -0.64518315 -0.22986183 -0.35849765
0.41349852 0.08943802 -0.09350022 0.41214055 -0.02037051 -0.11044896 -0.013287527 0.5640202 0.019336252 0.5577943
-0.35189503 -0.09155719 0.448443 -0.13713983 -0.1982483 -0.22837669 -0.1140651 -0.59310657 -0.21509504 -0.38127208
0.7068314 -0.041392412 -0.082129374 -0.0155822085 -0.04912338 -0.06830911 0.67441404 -0.024902534 -0.01983403 0.16959015
-0.05951101 -0.042366058 -0.028643472 -0.024770888 -0.15284614 0.96308017 -0.11232375 -0.07793213 -0.14710122 -0.04489302
-0.017584402 -0.08272297 -0.05841662 -0.08176178 0.79876435 -0.15210909 -0.045517866 -0.14316696 0.5367117 -0.104691885
-0.35121968 -0.10055395 0.37225264 -0.10834088 -0.23345527 -0.2269803 -0.087694 -0.6202011 -0.21342145 -0.41510728
-0.20093778 -0.18989982 0.0005856956 -0.23036124 0.47741684 -0.35895675 -0.060475025 -0.57151765 0.22595806 -0.36382955
-0.33514827 -0.30323508 0.17228195 -0.180332 -0.36690682 -0.06624753 -0.14275175 -0.5190267 -0.3921947 -0.38849783
-0.36061352 -0.085606925 0.30847532 -0.1789373 -0.24610321 -0.16539074 -0.11877778 -0.6633157 -0.23635076 -0.37091148
-0.08194079 -0.085347876 -0.045348495 0.04399767 -0.15403716 0.95332235 -0.12633723 -0.087126106 -0.13813569 -0.08261172
0.32195076 -0.030208914 -0.0850191 0.16267042 -0.08563755 -0.032270115 -0.03664745 0.8448218 -0.035867978 0.37015766
-0.08219237 -0.22092995 -0.06241027 0.4504881 -0.08964754 -0.0130214915 -0.11494374 0.8313944 -0.15010826 -0.049320124
-0.08219237 -0.22092995 -0.06241027 0.4504881 -0.08964754 -0.0130214915 -0.11494374 0.8313944 -0.15010826 -0.049320124
-0.21851602 -0.3844648 -0.2752796 -0.1418426 -0.16099462 -0.10894251 -0.19946656 0.7714934 -0.17651583 -0.06785978
-0.0045192996 0.7277462 -0.027223086 -0.008289543 0.18376455 -0.00040727147 -0.011706731 0.3525562 0.51433057 0.21637192
0.3737119 -0.11247275 -0.22825429 -0.022752505 -0.14425854 0.19914243 -0.1359826 -0.07515704 -0.084409155 0.8386528
0.014225906 -0.013157162 -0.06835857 0.06296164 0.7739137 -0.11923815 -0.032786552 -0.021248987 0.6131781 -0.017705297
0.13094434 -0.06693687 -0.06244966 -0.044359904 0.6941974 -0.056529313 -0.031235233 0.23609892 0.6562117 -0.008218914
-0.41673282 0.11688853 0.42545426 -0.09491039 -0.24104129 -0.29729393 -0.15460463 -0.5553746 -0.18300878 -0.33216107
0.75917155 -0.11871558 -0.1265337 -0.055538476 -0.042687044 -0.107497714 0.6099555 -0.06403074 -0.02116483 0.022325141
0.77691495 -0.28402987 -0.22422612 -0.15133326 -0.05550616 -0.18071483 0.42669395 -0.14246124 -0.038028616 -0.054801177
