-0.1577134 -0.15476725 0.7449492 -0.08984904 -0.12981522 -0.20354475 -0.3867198 -0.40192977 0.12514587 -0.055746913
-0.14645033 -0.21138698 0.58992845 -0.058510605 -0.12512122 -0.32655394 -0.5179928 -0.4293801 0.050161805 -0.07025667
0.5321601 -0.13934563 0.6744047 -0.19340985 -0.055076577 0.28987387 -0.08777357 0.25990778 0.08709993 -0.18776742
-0.16689758 -0.16655086 0.6973297 -0.06748903 -0.11871606 -0.23321392 -0.4185486 -0.44358382 0.096816644 -0.061460212
-0.11970646 -0.15173486 0.83456093 -0.057165403 -0.14116833 -0.088991635 -0.34256575 -0.30592453 0.1488691 -0.04399788
-0.026434856 -0.0230074 0.5912787 -0.0012671599 -0.023485402 0.79226995 0.058284704 -0.08774059 0.09747349 -0.017884368
-0.27437326 -0.10779873 -0.13019462 0.47898203 -0.09522702 -0.17751166 -0.3029656 -0.30632353 0.051756635 0.66169834
-0.15541825 -0.15972449 0.65984255 -0.061489526 -0.105390824 -0.31177375 -0.46809956 -0.4203189 0.07533991 -0.037264884
-0.1321161 -0.17972188 0.55586195 0.44400597 -0.12614007 -0.22073759 -0.5075673 -0.3478294 0.028604655 -0.007563744
-0.1367812 -0.26339722 0.4208461 -0.08718853 -0.14425711 -0.42444363 -0.5775681 -0.42943987 0.0020800193 -0.09071449
-0.14738303 -0.06475353 -0.0035012846 -0.23272626 -0.015049277 -0.6929491 -0.4230588 -0.5028324 -0.008016074 -0.08731066
-0.016500924 -0.11827707 0.48166665 0.005096829 -0.05708623 0.8589573 -0.040434785 -0.066544786 0.07033761 -0.040405225
-0.04612138 -0.13182622 -0.33638525 -0.39186305 -0.0144748725 -0.39285055 0.71907866 -0.092469834 -0.03321287 -0.18031652
0.41422617 -0.062548555 -0.11411722 -0.013945958 0.09710314 -0.0383419 0.18316762 0.8748943 -0.02357849 -0.029011259
0.45929712 -0.20271245 -0.16306376 -0.16050792 -0.025128072 -0.23206198 -0.109493375 0.78679836 -0.028548606 -0.096236564
-0.2124743 -0.38150132 -0.456802 0.5520886 -0.14579768 0.40313253 0.06920673 -0.032174144 -0.040394586 0.32343823
0.28908044 0.552546 0.73964065 0.04752104 0.23566933 -0.03435552 -0.03188977 -0.04720402 0.0273889 -0.032911222
0.008414164 -0.045534786 -0.10989823 -0.3478165 0.045377105 -0.15972409 0.9056491 -0.041388467 0.004484569 -0.12368273
-0.049827036 -0.10461244 0.46609268 -0.12590513 -0.10897096 0.8381908 -0.013463428 -0.068324044 0.16368212 -0.08601861
-0.05251849 0.14228983 -0.03253456 0.6621612 -0.007155975 0.6636305 0.13685404 -0.006267305 0.013511349 0.27941397
0.435908 -0.033250663 0.32475555 0.78176314 0.015471387 -0.13382743 -0.2650165 -0.01353297 -0.025611268 -0.055107914
0.66611767 -0.11376828 0.118469656 -0.21883382 0.11930921 -0.07339569 0.19987324 0.6407722 -0.0069301827 -0.10589041
-0.045358095 0.76687217 0.10444914 -0.093660116 0.3010514 -0.45117947 -0.17965259 -0.25142235 -0.004017671 -0.02164891
0.5967439 -0.031341504 0.17728637 -0.004348494 0.1950039 0.15775754 0.024200572 0.7386384 -0.010804074 -0.04756028
-0.017892407 -0.03208443 0.19059576 -0.01873133 -0.011966365 0.8318386 0.5167631 -0.013878643 0.050980512 -0.0062000793
-0.015609428 -0.028251069 0.17786507 -0.02175867 -0.012051839 0.81939006 0.5409613 -0.0083614485 0.050504014 -0.006609227
0.70265144 -0.032404866 -0.051841002 0.34329295 0.4031364 -0.361731 -0.2764923 0.04982753 -0.047796287 -0.100547925
0.21821749 -0.02790729 0.14525412 0.6317746 -0.06601283 0.5962681 -0.06296081 0.40881947 -0.0030971842 -0.019081153
-0.14428489 -0.031545863 -0.30864444 0.28375712 -0.007473598 -0.075272635 0.30430585 0.21634641 -0.012630369 0.8106281
-0.059367824 -0.11304524 -0.076261334 0.21834198 -0.03054058 0.8780895 0.36036256 0.053502474 -0.0006790496 0.15971589
0.39558336 -0.04785159 -0.1642997 -0.022990413 0.030651573 -0.18592326 -0.056744635 0.8796315 -0.027343864 -0.021788934
0.24389899 0.24721041 -0.22004992 -0.2969702 0.46359438 -0.6991953 -0.11654735 -0.08985667 -0.038022354 -0.12605529
-0.32398856 -0.32586098 -0.642077 -0.036440566 0.14993544 -0.40938866 -0.1132548 -0.29705626 -0.058382366 0.2840739
-0.15184692 0.5153849 -0.07156381 -0.11269127 -0.09073658 -0.0038215027 0.75964403 -0.0823418 0.13404882 0.2888669
-0.04863073 -0.28956154 -0.3836172 -0.16691315 0.40948677 -0.6563695 -0.33057743 -0.15232794 -0.060455445 -0.064238906
0.24619313 0.56873447 -0.049354218 -0.27015713 0.57348895 -0.39744398 0.1855833 -0.09592758 -0.010043038 -0.09956887
-0.07022665 0.91446686 0.090934545 -0.013237695 0.01954848 -0.17468457 -0.010444115 -0.10274057 0.052942183 0.32559144
-0.096799925 0.8420925 -0.043333773 -0.08497462 -0.010546706 -0.1948161 0.27144843 -0.086212195 0.06395862 0.38618594
0.6132388 0.3746059 -0.029882269 -0.09638085 0.48424792 -0.44900537 -0.16624238 -0.009062153 -0.030319553 -0.09320174
0.71999705 -0.01879431 -0.07309031 -0.06383976 0.24854642 -0.37719953 -0.20567577 0.46271586 -0.033847727 -0.10111557
-0.06804235 -0.0122913355 -0.11058885 -0.12272265 0.13325042 0.023922255 0.96910113 -0.047898237 0.0020330448 0.09025032
-0.0149483755 -0.030757828 0.188325 -0.026294975 -0.011473835 0.815293 0.54320633 -0.010310562 0.05076362 -0.009064316
0.5852581 -0.040548887 -0.19756864 -0.15910408 0.20751198 -0.44066772 -0.068761006 0.57751375 -0.04806448 -0.11692593
-0.07309691 -0.027349347 -0.23413035 -0.14488463 -0.03416588 -0.2078221 0.4333838 0.5760108 -0.005849198 0.595062
-0.11433092 -0.12144162 -0.31319985 -0.01774966 -0.038114384 -0.06339024 0.29647624 0.5727139 -0.012664498 0.67248815
0.7428802 -0.20382537 0.35994205 -0.14476629 0.042414792 -0.28905725 -0.29978317 0.24484484 -0.022756234 -0.14275442
0.45937616 -0.04867449 -0.104556255 -0.0031591647 0.09422472 -0.120325126 -0.036308628 0.8658461 -0.026285259 -0.024644706
-0.15176925 0.66861767 -0.075917676 -0.0061005554 -0.06161532 -0.043673966 0.4558864 -0.09573186 0.08829957 0.54186535
-0.24162409 -0.2926283 -0.5462644 -0.15740532 -0.25200972 -0.39115322 -0.1250941 0.2277379 -0.02504136 0.49815187
0.45708382 0.561993 -0.029777722 -0.1553216 0.569494 -0.31698242 0.12705612 0.082735084 -0.016458923 -0.04654187
0.29404795 0.29579186 -0.010025087 -0.12114959 0.8152051 -0.15956266 -0.20932452 -0.026329163 -0.16294944 -0.22401592
-0.20669384 -0.25604007 -0.7323483 -0.16294783 -0.016259218 -0.0048592566 0.1780342 -0.19871879 0.25541517 0.43832055
-0.24875763 -0.3039417 -0.72627515 -0.0872953 -0.23221879 -0.31118956 -0.15118694 -0.01780063 0.06455086 0.36405694
-0.11516561 -0.059731454 0.105980866 -0.10757938 0.7208546 0.52281046 0.2589569 -0.20210703 0.034668814 -0.24144112
0.18784846 -0.1770483 -0.14124335 -0.0941205 0.025909163 -0.09681515 -0.13477042 0.9325599 -0.017924529 -0.079760626
-0.026097134 -0.09934139 -0.08284713 -0.113613345 -0.015382507 0.68099886 0.70687103 -0.031395726 -0.02094815 -0.06775955
-0.17129983 -0.44035935 -0.4390127 -0.13040595 -0.32708567 -0.10750224 0.22095446 0.59392285 -0.020601915 0.21557058
0.10665658 0.52411425 0.45642564 -0.013557017 0.6771018 -0.10180106 -0.105651736 0.030179784 -0.097437985 -0.12256774
-0.26857048 -0.42008084 -0.24965823 -0.3872257 -0.28174976 -0.48433393 -0.35047024 -0.31267768 -0.059039965 -0.032929394
-0.06935442 -0.16398521 -0.19085932 -0.12189646 0.65659124 -0.19657083 -0.16008398 0.49881998 -0.11205448 -0.4003203
-0.2276322 -0.38609338 -0.7947304 -0.091562204 -0.26127505 -0.19606154 -0.145017 -0.011852566 -0.15989411 0.075458825
-0.17486924 -0.54344183 -0.67849576 -0.20426656 -0.1850123 -0.35223934 -0.020290783 0.08375365 -0.04815394 -0.06295419
-0.3749526 -0.15410195 -0.30558395 0.23562492 0.665078 -0.03094627 -0.27934176 -0.34842768 -0.043570254 -0.20529015
-0.39795658 -0.25546214 -0.73676187 -0.094940744 -0.36755747 -0.12903053 -0.16729198 -0.2083431 -0.03731232 -0.0021779356
-0.03349418 0.018379508 -0.15376543 -0.029205425 0.93911 -0.11750154 -0.09452715 -0.14392905 -0.11656545 -0.18727235
-0.035692275 -0.11752507 -0.09899937 -0.12005913 -0.04790672 0.72307 0.6563404 -0.019910369 -0.01870463 -0.0635968
0.20412274 -0.17694528 -0.14682725 -0.08341103 0.06677359 -0.07346143 -0.115231834 0.9321383 -0.009574633 -0.08000861
-0.02435676 -0.0032127402 0.14822425 -0.081412286 0.82347816 0.32325077 0.38459462 -0.11324856 -0.026374413 -0.16357535
-0.074582145 0.15530993 0.28975776 0.738259 0.1493682 0.52097 -0.15695742 -0.13218056 -0.005501307 -0.07397472
-0.0087614665 -0.05769948 -0.20630306 -0.108600475 0.952509 -0.11383301 -0.08223918 -0.039467495 -0.019314518 -0.115384705
-0.037628952 -0.16140445 -0.12797351 -0.14493527 -0.045501783 0.668127 0.69148356 -0.031264734 -0.039712884 -0.07733715
-0.26082203 -0.060501017 -0.1431121 0.6885015 0.3234481 0.3877749 -0.22319426 -0.3153526 -0.025487853 -0.1699869
-0.26916814 -0.15822819 0.23317236 -0.1934165 -0.13970344 -0.263331 -0.51692003 -0.42298928 -0.40624833 -0.3327295
-0.3207117 0.19553262 -0.30894762 -0.27332222 -0.04094477 -0.31741807 -0.19869854 0.38668376 -0.5048099 -0.37747616
-0.0017114242 -0.13322395 -0.0033255597 -0.0863154 -0.020164667 0.8285508 0.4753282 -0.09608459 -0.075946204 -0.21667269
-0.06660995 -0.08402732 -0.42484593 -0.21888345 -0.14755066 -0.31633145 -0.07841249 0.69072145 -0.3530378 -0.17430265
-0.19452052 -0.19104908 0.003465226 -0.22173892 -0.22634193 -0.2803166 -0.50734544 -0.3879758 -0.3836792 -0.43765208
-0.005811372 -0.15728042 0.01800438 -0.11730801 -0.04722841 0.8297843 0.44373366 -0.08125335 -0.09204917 -0.24165408
0.06220669 0.51635087 0.5584674 -0.00677759 0.6181609 -0.060484312 -0.09622617 -0.008447821 -0.0810248 -0.12610824
