-0.0493326 -0.2740792 0.54350877 -0.3249867 -0.038516432 -0.07356584 -0.067570634 -0.09642895 -0.116990946 0.69784105
-0.038414735 -0.2516643 0.55897933 -0.29692903 -0.03899089 -0.054335177 -0.05918787 -0.095583476 -0.11006883 0.710871
-0.29463238 -0.4842516 -0.04661849 -0.71910495 -0.061243434 -0.32405075 -0.13930534 -0.13526668 -0.09931633 -0.055503227
-0.059303243 -0.2902023 0.5329212 -0.3386611 -0.035435874 -0.079382025 -0.074031115 -0.092246585 -0.11754565 0.69152385
-0.15949658 -0.39254573 0.3998166 -0.55032486 -0.08153664 -0.18845622 -0.09310337 -0.17607042 -0.15350509 0.5023555
-0.039712783 -0.22420377 0.55542874 -0.29262128 -0.05356904 -0.07830651 -0.044867836 -0.11527785 -0.11738219 0.7182932
-0.071987756 -0.34333882 0.49319765 -0.43818098 -0.08390321 -0.10676337 -0.08118804 -0.19251126 -0.17523967 0.5906696
-0.047824785 -0.27520543 0.54344064 -0.32354268 -0.039922744 -0.07514929 -0.068359695 -0.09915497 -0.1203172 0.6969541
-0.065904126 -0.3251059 0.5292165 -0.37081164 -0.056800388 -0.08940621 -0.09046771 -0.14012018 -0.15193531 0.6405226
-0.08967674 -0.34035578 0.51869625 -0.4292581 -0.07612882 -0.029840134 -0.07686553 -0.18725687 -0.1482791 0.59427404
-0.13894552 -0.16291931 -0.128018 -0.66105825 -0.13270226 -0.62979174 0.11551103 -0.19373114 -0.14457807 -0.121407844
-0.041326955 -0.23684654 0.5266919 -0.31189057 -0.049483195 -0.15082122 -0.05662107 -0.10328842 -0.13234234 0.7147945
-0.10616035 0.5614991 -0.24673124 -0.30171183 -0.102327555 -0.47935778 0.4323215 -0.121627755 -0.017589772 -0.28157225
-0.16352357 -0.37188372 0.47142014 -0.39842522 -0.025505897 0.40581736 -0.094629265 -0.091570884 -0.058956265 0.51752174
-0.22303298 -0.49755934 0.06400025 -0.33721146 -0.011420491 0.71804094 -0.20702295 -0.1177701 -0.10668175 -0.03257073
-0.12635331 0.37769344 -0.30664602 -0.32603693 -0.11939523 -0.6338117 0.26714155 -0.15132189 -0.092507996 -0.34965327
-0.2578955 -0.34928647 -0.10384326 -0.7093149 -0.14612184 -0.40010667 -0.0712872 -0.27413458 -0.13852948 -0.12930153
-0.07045502 0.6531078 -0.22366166 -0.21041986 -0.087264456 -0.48826757 0.39832175 -0.09197022 -0.044701573 -0.24299769
-0.05121051 -0.2891954 0.5501638 -0.32684478 -0.049006052 -0.05266808 -0.07465015 -0.12511098 -0.13745287 0.6774522
0.2523318 0.11874525 0.066041455 0.83118373 0.16440824 0.361204 -0.018038958 0.24987578 -0.015350755 0.0806414
-0.23394655 -0.44804525 -0.24329452 -0.21927518 0.33756378 -0.42618775 -0.28594494 0.36980012 -0.1776091 -0.3026611
-0.11723346 -0.2951789 0.30465186 -0.2129986 -0.019379325 0.82988364 -0.10432117 -0.097752966 -0.05722524 0.21942861
-0.20668672 -0.16492979 -0.20163864 -0.6648377 -0.16880965 -0.5159859 0.07449226 -0.27761212 -0.106862485 -0.24214901
-0.0948271 -0.22061339 0.32553348 -0.13372509 0.02192336 0.8425591 -0.073258474 -0.042969983 -0.03528813 0.3156551
0.038453616 -0.2674051 0.5042888 -0.38908398 -0.12003428 -0.23569737 -0.07017105 -0.22821972 -0.19746783 0.59611994
0.3850661 -0.20431033 0.53965783 -0.033111688 -0.0031520445 -0.085772164 -0.104795 -0.032067705 -0.1710737 0.68484384
-0.24197507 -0.3765977 -0.30197877 -0.18933584 0.32746416 -0.43158755 -0.26535496 0.38396376 -0.13561209 -0.37795553
-0.27330083 -0.5159636 -0.21788144 -0.22317185 0.35869128 -0.34482098 -0.32287014 0.31147042 -0.18374862 -0.28147244
0.037036985 0.47025752 -0.044834964 0.7334298 0.07713139 0.36260882 0.064371504 0.15668376 0.25938296 -0.064415015
0.1672414 0.62890697 -0.019242544 0.63066316 0.042021938 0.20900789 0.186218 0.146354 0.27593684 -0.026686642
-0.33689812 -0.66067946 -0.14508545 -0.30368784 0.34715253 -0.09098687 -0.35065076 0.068985716 -0.1810947 -0.21776709
-0.1349235 0.3758279 -0.31321132 -0.37174466 -0.10080475 -0.59231925 0.312574 -0.118702546 -0.03268106 -0.36109433
0.1269173 0.66976565 -0.05156031 0.6088989 0.0760199 -0.021695001 0.1877332 0.23916166 0.24419515 -0.059722174
-0.13270259 0.05633494 -0.2717197 -0.5131884 -0.12511492 -0.631335 0.3235957 -0.15970732 -0.049992558 -0.30832595
-0.10539628 0.59364134 -0.23012957 -0.30967256 -0.10622449 -0.3743874 0.48985067 -0.14494465 0.0031278187 -0.2742313
-0.14255825 0.27700248 -0.30403283 -0.43753877 -0.11308663 -0.5718377 0.36539787 -0.14344315 -0.025857298 -0.35287884
-0.15600914 -0.051103547 -0.26083964 -0.57507807 -0.136333 -0.603378 0.23827808 -0.19491263 -0.070242964 -0.3032232
-0.08886709 -0.2890167 -0.36556765 -0.20325384 -0.009109996 -0.6472085 -0.22702616 -0.043976016 -0.24139471 -0.45045757
-0.22528951 -0.5230178 -0.25752428 -0.44116879 0.15517136 -0.41406375 -0.2801509 -0.0066643935 -0.15962318 -0.3394302
-0.31554842 -0.61629355 -0.16921556 -0.4665825 0.28866068 -0.18186541 -0.28749233 0.04960041 -0.14256784 -0.22899938
-0.05183201 0.8276021 -0.1668488 -0.08698408 -0.10707151 -0.17311993 0.38603944 -0.16029787 0.1138926 -0.21875857
0.5941325 0.04093291 -0.24371369 0.41211742 -0.1729699 -0.25777978 -0.09551679 -0.33694342 -0.22957982 -0.3799522
-0.10235003 -0.18540648 0.271931 -0.1868614 -0.02116493 0.8884867 -0.042071015 -0.08205612 -0.0034568592 0.21889196
-0.31255186 -0.15304303 -0.16331801 -0.70728356 -0.20726262 -0.09232142 0.22600704 -0.37568974 0.20155919 -0.26007184
0.14108385 0.29920083 0.007931881 0.71779734 0.09426652 0.5594768 0.037082072 0.15574698 0.16644374 -0.0064860196
-0.025992837 -0.22802319 -0.009467796 0.6260888 0.44219697 0.08184691 -0.16322234 0.5605896 -0.10906669 -0.014765863
-0.32794744 -0.5551553 -0.21333024 -0.3578553 0.25881228 -0.33844048 -0.30701926 0.17772037 -0.14391524 -0.28740248
-0.19280599 0.29961455 -0.40836972 -0.32289478 -0.11620853 -0.5019868 0.2576501 -0.15001623 0.095899224 -0.4883132
-0.019842163 0.37963712 -0.002599812 0.4410996 0.07506128 0.70382696 0.15736544 0.12401764 0.3459177 -0.009824243
-0.1833167 0.11402626 -0.32205853 -0.47565615 -0.1105923 -0.6104932 0.2828172 -0.14227098 -0.03659824 -0.37003246
-0.2027467 -0.008617352 -0.29833406 -0.5705315 -0.14615713 -0.44870013 0.32061613 -0.21904275 0.16598499 -0.3785378
0.14696877 0.53775394 -0.04297166 0.7338765 0.117925115 -0.0028118815 0.08092207 0.28528562 0.21029423 -0.052205868
-0.24218075 -0.24839656 -0.22375609 -0.66623247 -0.088559054 -0.53256416 -0.050961234 -0.1327057 -0.033257525 -0.2700632
-0.028266491 0.79577446 -0.17662857 -0.10876032 -0.05910864 -0.36817783 0.3771844 -0.046634845 0.018174263 -0.19772594
-0.07332283 -0.10041457 -0.014994011 0.24326512 0.10308496 0.9498264 -0.07198333 -0.0059461556 0.06880314 -0.04889135
-0.052890252 0.66497403 -0.27847308 -0.16598651 -0.13695553 -0.4769065 0.20202188 -0.19514975 -0.062938124 -0.34764814
-0.005502606 0.31660938 0.017692419 0.57645226 0.08071946 0.69890976 0.08165018 0.10768016 0.23206265 -0.0035519793
-0.21368891 -0.39536235 -0.006688868 -0.73758453 -0.14739625 -0.3506032 -0.07591539 -0.27863932 -0.16047136 -0.012153773
0.12645698 0.80247384 -0.15397884 -0.097812876 -0.08334135 -0.3753375 0.33012322 -0.08026242 0.09303225 -0.18672173
-0.029641759 0.689983 -0.062150303 0.4191302 0.039528 0.21610233 0.25269336 0.15185069 0.45023474 -0.075003125
-0.017671373 0.33439842 -0.09074217 0.72738945 0.26098624 -0.033906464 -0.013991627 0.49464503 0.15978877 -0.10426199
0.089543216 -0.024108376 -0.027094506 0.83015156 0.28425136 0.18664439 -0.059846703 0.42478022 -0.021869207 -0.037175383
0.18069805 0.8009139 -0.14427222 0.44356963 -0.035019316 -0.21343188 0.16882187 -0.02814844 -0.012227111 -0.17914937
-0.0070119426 -0.10121081 -0.20731449 0.72774416 0.21480982 -0.37576365 -0.15457907 0.33026958 -0.18568043 -0.24964938
-0.19861916 -0.01825481 -0.040407877 -0.5118627 -0.09986003 0.21852389 0.43968418 -0.18878758 0.6373179 -0.06098516
0.37684682 -0.102699384 0.5091996 0.32888615 0.08246131 -0.021194167 -0.06639379 0.051928386 -0.12185211 0.671407
-0.050775826 -0.104497164 0.27520883 -0.06000685 -0.014030188 0.9193716 -0.026051 -0.05965716 -0.0010878453 0.23975298
-0.077748954 0.7512083 -0.19928128 -0.17590627 -0.07342732 -0.32204074 0.42701122 -0.08438473 0.07822501 -0.23303404
0.18122692 0.34369147 -0.027092306 0.8331872 0.17812937 0.07476307 -0.006820563 0.33621365 0.05179383 -0.03177623
-0.024098225 0.39727527 -0.00075305643 0.20465334 -0.008560077 0.8112693 0.22585887 -0.026170952 0.29935113 -0.012985736
-0.05374779 0.78528786 -0.20141993 -0.09467036 -0.11331409 -0.39367345 0.27819756 -0.14761283 -0.04515396 -0.24871749
0.11606119 0.5128952 -0.04484354 0.7849565 0.076669544 0.19203974 0.06223245 0.16429828 0.1672753 -0.0607892
-0.008810152 -0.22484094 0.3434587 0.24052183 0.2942476 0.64957964 -0.10955967 0.23456389 -0.12479505 0.4271084
-0.18305884 -0.017971812 -0.23191936 -0.5957458 -0.1554561 -0.27644876 0.43547967 -0.25234318 0.3256536 -0.31226018
0.16306944 0.7468699 -0.059794553 0.55929357 -0.009833853 -0.05221776 0.20582014 0.038944542 0.21669492 -0.0745007
-0.0073991343 0.5375652 -0.026831992 0.47829977 0.028658213 0.5407536 0.17252265 0.06518285 0.39003867 -0.04582147
-0.14235009 -0.35161364 0.22480501 -0.65490943 -0.15777446 -0.34136084 -0.048498668 -0.29038984 -0.20241876 0.3280073
0.17134582 0.5451684 -0.13626975 -0.25571582 -0.22483686 -0.4900519 0.34559804 -0.35036662 -0.16415088 -0.17213185
-0.2764094 -0.3898261 -0.106814966 -0.76342857 -0.12630013 -0.26397628 -0.07054919 -0.25112286 -0.060785804 -0.14153074
-0.06800843 -0.00092236616 -0.12238425 0.6412643 0.34688243 -0.15573744 -0.08614731 0.6311417 0.017602416 -0.13610077
0.023622368 -0.13524167 0.6056784 -0.18334472 -0.047561146 0.027562985 -0.018721148 -0.10085644 -0.076580375 0.74918705
-0.043325573 0.43169644 -0.028354893 0.07354645 -0.026279803 0.79481095 0.23151211 -0.059011333 0.3359881 -0.056256715
-0.021961428 0.35854307 0.020437496 0.32285526 0.052773923 0.7981542 0.14745495 0.03858101 0.32124954 -0.006584976
-0.00437607 0.8821805 -0.115390584 0.08151564 -0.03949218 -0.24308942 0.34151033 -0.016567579 0.08842033 -0.1280799
-0.011325229 0.47711176 -0.014604947 0.5776546 0.14634824 0.4614048 0.15832423 0.28475073 0.3124748 -0.015354687
-0.02894336 -0.24135368 0.5688165 -0.25913832 -0.034203745 -0.053281542 -0.06668858 -0.08686745 -0.10913477 0.7226985
-0.01599718 0.856817 -0.1613565 -0.029835792 -0.08465041 -0.28500414 0.31306922 -0.1088885 -0.030910727 -0.19865784
0.2237297 0.59002817 -0.32517406 -0.14327802 -0.17833959 -0.18746129 -0.042450506 -0.339353 0.103509024 -0.5300205
-0.12114452 -0.4229359 -0.21859634 -0.25789952 -0.045677364 -0.62520874 -0.27539375 -0.11201018 -0.35632652 -0.2895232
0.1449065 0.8189081 -0.091779105 0.3543939 -0.0216593 -0.31671008 0.23307796 0.105830766 -0.030704034 -0.084442995
-0.26798865 0.10384201 -0.17850183 -0.51324856 -0.12369044 -0.16084318 0.6492749 -0.19804387 0.2642159 -0.22439404
-0.043343503 0.8424272 -0.12086638 -0.009777076 -0.03720781 -0.06268787 0.34122667 -0.04242524 0.35160702 -0.16296098
-0.019987177 0.27839956 0.05763639 0.34976843 0.1452083 0.7737667 0.10282646 0.20817235 0.34700173 0.048111487
-0.069788806 0.7190536 -0.12807621 -0.1227708 -0.025811527 -0.09545178 0.4245477 -0.01721057 0.47967505 -0.1619036
-0.08109757 -0.12567677 0.06867783 -0.19957916 -0.0542389 0.94380325 -0.02290627 -0.14048605 0.13493568 -0.030084258
-0.101558864 -0.15900438 0.026265848 -0.2626277 -0.07215663 0.91861475 -0.031361453 -0.1787089 0.10225752 -0.047995504
0.3014424 0.74214023 -0.07235741 0.5307555 -0.026939489 -0.018901747 0.2204186 -0.033989992 0.0944277 -0.10809215
0.17875017 0.6161825 -0.038875833 0.6973393 0.04497572 0.18391837 0.09750125 0.09979114 0.20492186 -0.057162188
0.15011273 0.14598247 0.28687668 0.69035167 0.11834891 0.49390715 -0.0104990965 0.15540822 -0.021852726 0.3384987
-0.10927219 0.5005374 -0.18561335 -0.35854375 -0.14126304 -0.5588942 0.4044964 -0.17589593 -0.052542258 -0.21185035
-0.0060970457 0.049356226 0.26388282 0.28795233 0.16083829 0.80562717 -0.0009967509 0.18942955 0.19363093 0.3109574
-0.005986048 -0.18080424 0.569689 -0.25901023 -0.026760457 -0.041668914 -0.026099233 -0.06086666 -0.06875146 0.75105065
0.12200541 0.8140909 -0.07174854 0.34960496 -0.0020297808 -0.08915722 0.33679715 0.1465894 0.21496117 -0.07692142
-0.045546692 -0.4150912 0.39921373 -0.5171386 -0.15518767 -0.10330271 -0.12193909 -0.37165102 -0.31114385 0.33802664
0.21128006 0.27954054 0.09076995 0.2858436 -0.03284492 0.86934084 0.13562818 -0.07934013 0.07559315 -0.0059689176
0.28222403 -0.011986495 0.0033610973 0.7137607 0.06311695 0.63404673 -0.03991497 -0.01164913 -0.048980523 -0.024767518
-0.14923196 -0.005658191 -0.0041851513 -0.5233631 -0.18196462 0.5717047 0.44367808 -0.3756209 -0.0007134811 -0.07663037
0.24865046 0.57467735 0.005392642 0.6230557 0.074227996 0.26497453 0.17481689 0.19259003 0.27617848 0.006607139
-0.048522644 0.64552164 -0.1120347 -0.13198592 -0.00929134 -0.04993229 0.5331675 0.075842224 0.4875319 -0.14383572
0.36790198 0.71698785 -0.09502896 0.5243936 -0.019043984 -0.10515424 0.19849281 -0.008678526 0.047374193 -0.11583781
-0.083220206 0.39682505 -0.080254324 0.69085777 -0.06536062 0.30074152 0.4545836 0.22386263 -0.010752685 -0.016889306
0.71950483 -0.15678921 -0.07735918 0.18720077 0.06557179 0.58073217 -0.20996882 -0.1422934 -0.058269564 -0.08615227
-0.11481668 0.11690948 -0.18394814 0.86640143 0.06877889 -0.10964957 -0.14336637 0.34885764 -0.16185707 0.05877088
-0.0995104 -0.1895504 -0.21870194 0.7653272 -0.16963635 -0.062101327 -0.043017905 0.47200656 -0.049638327 -0.24672693
0.66140294 -0.18340282 -0.075686395 -0.08437004 -0.045371924 0.656811 -0.06992146 -0.14144047 -0.14188208 -0.1938518
-0.19243908 -0.20814058 -0.19008736 0.78006387 -0.08203921 0.17409198 -0.463801 -0.029263536 -0.117875665 -0.09006158
-0.50792605 -0.25710678 -0.47804612 -0.25483558 -0.40126222 -0.016182967 -0.28337795 -0.19379948 -0.24936406 -0.20278294
-0.18982175 -0.22158138 -0.19290413 0.75995976 -0.08657836 0.21116652 -0.47163883 -0.034068324 -0.11661751 -0.104058005
0.696758 -0.19814065 -0.051499534 -0.035494577 -0.018561814 0.6310993 -0.13969499 -0.14697313 -0.11160306 -0.13840033
0.35675186 -0.02846553 -0.03943606 0.6615616 -0.034937724 0.6136989 -0.21209505 0.047819383 -0.027016934 -0.082770266
0.12204109 -0.22921492 0.012115271 0.34954074 -0.0034543856 0.8637484 -0.17956291 -0.06974375 -0.15945582 -0.040430944
0.6605108 -0.18443906 -0.06648255 -0.052524094 -0.02820009 0.67112947 -0.11928281 -0.13678047 -0.11939855 -0.1553248
0.7410556 -0.15129827 -0.1075332 0.12386429 -0.001753853 0.5674875 -0.18976192 -0.1536209 -0.07580317 -0.116787665
0.75213325 -0.1816055 -0.052324954 -0.037097804 -0.016318299 0.5717902 -0.12432232 -0.13654143 -0.1289522 -0.13878874
-0.08693788 0.2450476 -0.1963209 0.85965574 0.26997384 -0.08213442 0.20620325 0.025656193 -0.13370545 -0.11898078
