-0.0022269404 -0.033791132 0.6072483 0.6297997 0.21595815 -0.0112276785 -0.055564154 0.00062661996 0.42039484 0.08289316
0.046292216 -0.057995383 0.6353156 0.566499 0.21406919 -0.003422985 -0.04783232 -0.014472506 0.462404 0.08828659
-0.061503448 0.4341688 0.40179548 -0.104108825 -0.046794523 0.011181048 -0.03959528 -0.023720166 0.79415035 -0.017794088
0.03466551 -0.04929189 0.6427015 0.5375188 0.19904998 -0.0024235914 -0.046010416 -0.012980734 0.49295422 0.09726688
-0.03179957 -0.005145446 0.62330467 0.5264547 0.1357462 -0.018071722 -0.13428259 -0.090212695 0.5368494 -0.012964201
0.077398226 -0.039004557 0.66961914 0.41218784 0.19046403 0.0033903234 -0.038583245 -0.025946131 0.5794255 -0.0039595426
0.03745238 -0.083885536 0.48717573 0.8035487 0.28982577 -0.020902859 -0.07950216 -0.037411805 0.118966274 0.047123935
0.039896443 -0.06845123 0.62190676 0.6185903 0.2313401 -0.0075992714 -0.054883376 -0.018497715 0.40077618 0.082152195
0.102862544 -0.038909774 0.6443663 0.5329756 0.21770039 -0.0004929882 -0.03947672 -0.039196745 0.4877624 0.0152834635
0.0044903094 -0.09607722 0.5100111 0.78781044 0.2853975 -0.025660284 -0.09244539 -0.04718633 0.13048588 0.009108441
0.089896075 0.92675287 -0.018090421 0.27927434 0.03321621 0.12164278 -0.015356435 -0.0009883239 0.1964274 -0.0023738786
0.06598073 -0.008656673 0.6523165 0.3940723 0.16436061 0.01314751 -0.036603954 -0.030294426 0.6207222 -0.0045632324
0.026950603 -0.0114419125 0.0424955 0.9281543 0.3296183 -0.030328464 -0.077753715 0.10809229 -0.091448866 -0.014353274
-0.024967285 -0.12848826 0.49419656 0.80346197 0.25869477 -0.040100526 -0.11179833 -0.035814576 0.044343453 0.09384608
-0.18640535 -0.22558822 0.299097 0.11184545 -0.02555295 -0.092631035 -0.15212692 0.5485013 -0.050694384 0.6903586
-0.008371525 0.98041147 -0.08673926 -0.10328298 -0.0418614 0.09969677 0.05307386 -0.0015745998 0.047436003 -0.061407764
-0.0064687035 0.08680854 0.38503116 0.85940915 0.24807328 -0.015226073 -0.08945462 -0.020512315 0.087303914 0.1666501
-0.019413024 0.60351616 -0.13330764 -0.22264157 -0.080152445 0.09292848 -0.27199104 -0.51343715 0.09852275 -0.45352772
0.061295204 -0.1314246 0.534993 0.7548342 0.2977467 -0.02207299 -0.09259404 -0.07298293 0.1409119 -0.009030837
-0.23420918 -0.6017058 -0.32059652 -0.2332078 -0.10225456 -0.16673967 -0.26885816 -0.19881034 -0.469043 -0.23634402
-0.13556913 0.6913524 -0.113349535 -0.4470333 -0.18358351 0.072290726 -0.06038196 -0.1718274 0.45552734 -0.10659013
-0.074282184 -0.23013647 0.48826584 0.53670377 0.1171538 -0.049669195 -0.07744134 0.3396927 -0.008542038 0.5266989
-0.021535764 0.846747 0.0045603453 0.511043 0.08182298 -0.002855763 -0.08901463 -0.008939234 0.081492744 0.0047269505
-0.1596929 -0.12876825 0.08911319 -0.050419867 -0.047895294 -0.06762445 -0.08247273 0.7442959 -0.01352106 0.6161214
0.2845644 -0.09965157 0.50990784 0.70280457 0.36194557 -0.006623486 -0.031375937 -0.049332097 0.1422348 -0.02132858
0.4802622 -0.19035205 0.46762946 0.52963734 0.3697319 0.037251476 -0.041259535 -0.14741234 0.24883129 -0.102382645
-0.09921375 0.6155576 -0.081497744 -0.4259235 -0.17020522 0.16392273 -0.015966846 -0.17175744 0.57416004 -0.08908933
-0.12671754 0.62649715 -0.08620981 -0.43289962 -0.17815621 0.10031133 -0.048123088 -0.1744536 0.5608329 -0.08674317
-0.113099076 -0.69373316 -0.13664803 0.1033264 0.104835965 -0.15864447 -0.3040914 -0.32651207 -0.41371903 -0.26493424
-0.0009959885 -0.666445 -0.17056061 -0.00922989 0.13502641 -0.10158605 -0.22313927 -0.44225267 -0.38349923 -0.32507235
-0.24083407 0.84357417 -0.13147369 -0.37703013 -0.18523632 -0.041679807 -0.14627542 -0.046578143 0.106402144 -0.0027058236
0.039279163 0.9713529 -0.0638398 -0.024560248 -0.026026368 0.15361598 -0.01255126 -0.049283322 0.14246786 -0.055617455
-0.1046 -0.55022424 -0.27976236 -0.5931791 -0.17597155 -0.05057809 0.14333315 -0.18885499 -0.2535758 -0.31960666
-0.034359854 0.97803 -0.106794044 -0.10182099 -0.05183417 0.062432148 -0.057132836 -0.052929737 0.012959725 -0.08766927
0.032178544 -0.122373275 -0.26644126 0.47801906 0.17254771 -0.043579742 0.13405547 0.6737746 -0.42525116 -0.0065289484
-0.016429769 0.97455406 -0.14135537 -0.122963905 -0.048217084 0.05462789 -0.008392627 -0.014864694 -0.047496352 -0.08376527
-0.009383642 0.73531646 -0.0288807 0.6535826 0.14092901 -0.00729143 -0.096752234 -0.021588376 -0.03478405 -0.016315095
-0.043665975 0.7213343 -0.21063077 -0.423715 -0.15714437 0.24897228 0.40036553 -0.06387409 -0.02454237 -0.04705444
-0.15961184 0.795409 -0.00065982924 -0.051763363 -0.08261242 -0.022953484 -0.26022136 -0.2102475 0.46759316 -0.0354191
-0.4487421 -0.010669203 -0.14722943 -0.40183792 -0.22965446 -0.15250666 -0.34679073 -0.040981464 -0.15897992 0.62621814
0.05965498 -0.11545787 -0.009528448 0.91605544 0.33704722 -0.04489318 -0.072908774 -0.036185294 -0.13911428 -0.047627795
0.20264754 0.65829545 -0.3539461 -0.2765319 -0.107015155 0.36342096 0.34869972 -0.10680357 -0.15455624 -0.15303655
-0.10101031 -0.31628183 0.34484872 0.4885416 0.058497977 -0.06473045 -0.087755 0.36588803 -0.06186206 0.61575586
-0.011976923 0.6000201 -0.17658599 -0.20398276 -0.057942614 -0.005383491 0.5215544 0.5235116 -0.12548073 0.04272813
-0.06983793 -0.68104124 -0.20470078 -0.04359499 0.009652701 -0.12951073 -0.25652435 -0.38045505 -0.42513192 -0.2816886
-0.248998 0.10463255 -0.32916868 -0.7446537 -0.29188517 -0.008668386 0.00068224716 0.41417155 -0.022946564 -0.08278742
-0.17355408 0.7165388 -0.101601675 -0.45076206 -0.19012536 -0.0046297186 -0.09622745 -0.16206892 0.40696505 -0.07500691
-0.039355844 0.705977 -0.11988501 -0.01520047 -0.014461233 -0.020651668 0.07189902 0.6660594 -0.13069554 0.13755903
-0.19151822 -0.2167702 -0.4415263 -0.19874123 -0.09259595 -0.14838357 -0.08631044 0.5981609 -0.52074116 -0.121979125
0.1529809 0.9412047 -0.07712112 -0.018792812 -0.025565328 0.2353636 0.13626564 -0.033259045 0.091426976 -0.018618032
-0.016888596 -0.05316485 -0.018057669 0.94256675 0.2748939 -0.042271145 -0.09553385 -0.019582286 -0.1426044 0.030501561
0.0987816 0.79590553 -0.2405488 -0.32752192 -0.10304302 0.14600433 0.13776562 -0.19516112 -0.02690265 -0.31924328
-0.044979535 0.93417865 -0.004382604 0.18363279 -0.017677605 0.011755297 -0.1187176 -0.08912217 0.26122028 -0.028699493
0.02438235 -0.056074917 0.11151973 0.9169821 0.33899057 -0.03675444 -0.118412085 -0.047985643 -0.08232368 -0.06001162
-0.21663716 -0.5726345 -0.33155042 -0.30037963 -0.14935252 -0.0983012 -0.04011802 0.2079927 -0.44240943 0.39043394
0.10712675 -0.11782238 0.116507396 0.897349 0.3652805 -0.03694332 -0.074756905 -0.042322267 -0.10659814 -0.04790603
-0.061364762 -0.40463132 -0.07058089 0.7715003 0.3030405 -0.11454619 -0.16069661 -0.06521165 -0.28975403 -0.11543713
0.16659445 -0.00075544463 -0.055310965 -0.3266502 -0.09712461 0.40217528 0.62461835 -0.026591526 0.42208007 0.34971565
0.19842768 0.8121026 -0.15824017 0.31748542 0.08514769 0.041277062 0.1762648 0.33725077 -0.13891898 -0.04710784
-0.08178997 -0.3756187 -0.0018372815 0.797778 0.22412859 -0.11417666 -0.22436182 -0.19888137 -0.20489192 -0.14361504
-0.03929205 0.67534935 -0.21131726 -0.4000801 -0.13254134 0.11563511 0.520863 0.16161051 -0.037712406 -0.08867437
-0.2526436 0.59759396 -0.34256458 -0.59821236 -0.2547111 -0.03848421 -0.096661985 -0.004991329 -0.07352761 -0.1507009
-0.028574409 -0.43856332 -0.12657836 0.63693875 0.2812572 -0.10336195 -0.20983002 -0.2568939 -0.36925128 -0.22129992
-0.12188221 0.66506064 -0.21132392 -0.54444474 -0.20938428 0.1400395 -0.038226422 -0.17411363 0.2648761 -0.19071478
-0.14404948 0.33286786 -0.040709004 0.44442615 -0.00597289 -0.09047708 -0.13153794 0.69699436 -0.10324132 0.38378778
0.4863011 -0.24124518 0.38064262 0.5592932 0.42772263 -0.0085198525 -0.0646545 -0.15372168 0.11011175 -0.15703508
-0.12199706 -0.36670968 0.18615036 0.8252345 0.21614833 -0.11583803 -0.21061988 -0.03002831 -0.16705538 0.040844277
-0.017293543 0.97933733 -0.12832668 -0.10173785 -0.041126866 0.024121182 -0.007605614 0.008267825 -0.03638493 -0.10028805
-0.071209125 -0.36638883 -0.45192087 -0.5430344 -0.14244495 -0.07916698 0.12659195 -0.12948132 -0.4288182 -0.34399974
-0.35657388 -0.3435819 -0.45690817 -0.42547297 -0.21848592 -0.16783398 -0.23451278 -0.0214776 -0.4693699 -0.11551728
-0.027205434 0.76435846 -0.2156788 0.50343674 0.011136091 -0.022019317 -0.044700485 0.23097843 -0.23893975 -0.044719473
-0.14728129 -0.6596904 -0.17471291 0.07139706 0.055739682 -0.17485079 -0.31719732 -0.28187695 -0.4503849 -0.30149573
-0.05760053 -0.21550785 0.5653561 0.7365719 0.20466715 -0.053662803 -0.15110336 -0.051224988 0.13327159 -0.009331087
-0.043282002 -0.0373353 -0.08596388 0.92609084 0.23301895 -0.062787816 -0.15499693 -0.054616034 -0.214411 -0.021899229
0.12056297 -0.60381836 -0.09849312 0.30422282 0.2471671 -0.08500635 -0.21963191 -0.45798728 -0.31343302 -0.30670366
-0.34555194 -0.3590396 -0.40377724 -0.3864823 -0.18987238 -0.18422371 -0.31407878 -0.14223912 -0.45077208 -0.21729468
0.047648303 0.27851003 0.3426091 0.80946577 0.24127612 -0.0015720875 -0.057916287 0.062359516 0.20554172 0.1995971
0.25982818 0.9098104 -0.07573771 0.20078264 0.0133054685 0.21399748 -0.005349317 -0.05521509 0.06411482 -0.074326545
-0.00041952866 -0.11097196 0.46144772 0.8210043 0.27576748 -0.025299456 -0.08535497 -0.05279333 -0.0031969594 0.11803557
-0.12152406 0.7573683 -0.17262349 -0.46281198 -0.18129091 0.057945658 -0.027145665 -0.107204065 0.3098871 -0.15214357
0.033181045 -0.1516082 0.5460506 0.7474482 0.29817554 -0.027850758 -0.09756967 -0.07108428 0.12118431 -0.011004851
-0.0839635 -0.36523405 -0.0053084064 0.83560956 0.25104892 -0.10452114 -0.18763778 -0.07113588 -0.21157627 -0.047954693
-0.21596435 -0.30088004 -0.30207095 -0.31199357 -0.14414766 -0.1340378 -0.3476422 -0.4622615 -0.23636459 -0.49506566
-0.059631083 0.6939463 -0.16080077 -0.053746115 -0.02760612 -0.03535366 -0.010436124 0.68008214 -0.14350975 -0.03015693
-0.22300145 -0.21777637 -0.44148245 -0.6300954 -0.25663844 -0.0665701 -0.115553804 -0.24430989 -0.26993948 -0.30775747
0.10050638 -0.03003821 0.6336232 0.5505338 0.22088052 -0.0019032803 -0.033764828 -0.026296845 0.48263696 0.029471617
0.074722335 -0.20833422 -0.06334866 0.8264266 0.4019533 -0.08155492 -0.085810475 -0.06425244 -0.26949507 -0.108084425
0.35022008 -0.37391728 -0.112382665 0.64726835 0.30856213 -0.03868759 -0.09460218 -0.29777488 -0.3078998 -0.12967874
0.309346 0.30966905 -0.017811036 -0.23967972 -0.046620652 0.26563272 0.76789653 -0.004862548 0.29577836 -0.027179139
0.054198988 0.4297831 -0.08955835 0.2697469 0.15494807 -0.020336159 0.14565134 0.820035 -0.097841844 -0.062431123
-0.019122962 0.78225255 -0.34171584 -0.37376714 -0.13483238 0.2295559 -0.02219489 -0.122312985 -0.14136368 -0.1578962
-0.01407441 -0.17270222 -0.06102594 0.871586 0.34031066 -0.08435902 -0.10783857 -0.063398756 -0.24005567 -0.10191324
-0.11840013 -0.6293234 -0.29142627 -0.45666787 -0.12796289 -0.10031471 -0.090522915 -0.2443995 -0.3744992 -0.24868847
-0.031014733 0.5813139 -0.044416614 0.22826555 0.030639533 -0.024035908 0.10839376 0.75249374 -0.055571787 0.15631177
-0.38715306 -0.5730563 -0.069826595 0.25869805 -0.060185973 -0.23128237 -0.52717066 -0.16060893 -0.29179803 -0.062885255
-0.15970552 -0.44884482 0.055735607 0.7722183 0.14343223 -0.13544586 -0.2801616 -0.101639085 -0.21367845 -0.01438468
0.508365 -0.54941434 -0.19493735 -0.031793267 0.16385765 -0.030495731 -0.084445246 -0.40034527 -0.3359661 -0.30436438
0.3972867 0.48013315 -0.09789157 -0.0018983764 0.044982105 0.17023797 0.65139663 0.37963733 -0.042787157 -0.027783241
-0.21778993 -0.09206008 -0.05681126 -0.2125028 -0.11229598 -0.06880234 -0.10631213 0.9016603 0.122195855 0.19783305
0.24042861 0.39814517 -0.08944834 -0.19321126 -0.04218041 0.21726525 0.723677 0.40501702 0.013863115 -0.03768666
-0.21136886 -0.1245979 -0.007731047 -0.082378305 -0.07423126 -0.08976041 -0.1217515 0.822101 -0.0008201678 0.47823766
-0.0028910006 -0.034524396 0.5926074 0.6604071 0.22599381 -0.013638786 -0.056313675 0.025117554 0.38587937 0.08668581
-0.04612727 0.06614031 -0.31388634 0.5205171 0.22874813 -0.113489345 -0.10290456 0.5503351 -0.4235662 -0.25683287
-8.9224035e-05 -0.056342803 0.46671999 0.81625277 0.27757904 -0.020609131 -0.07179885 -0.0043562874 0.12687178 0.11825376
0.47088835 -0.5530355 -0.2870722 0.33704832 0.1702185 -0.023892373 -0.0027300592 -0.213133 -0.42300606 -0.14997141
-0.020416863 0.2621525 -0.23308302 -0.2910811 -0.09804426 0.08531408 0.6626269 0.5682046 -0.11169572 -0.022478895
-0.13582367 -0.25189736 0.093046844 0.5327529 0.101390004 -0.097307034 -0.15888457 0.63978004 -0.11509142 0.39756626
0.04673898 -0.70293814 -0.13470978 -0.019451097 0.0873688 -0.080922745 -0.21289876 -0.4778937 -0.324099 -0.3037074
-0.025398534 -0.23220034 0.0716946 0.8650189 0.34129253 -0.0886284 -0.16777015 -0.10247428 -0.12730245 -0.11336103
0.62803435 -0.50224936 -0.17102729 -0.16274641 -0.021583788 0.19260651 0.14590007 -0.3765088 -0.20546043 -0.2340061
-0.03727476 0.3084249 -0.24636737 -0.17597674 -0.044957373 -0.025484448 0.19732101 0.8490444 -0.18269195 -0.1263365
0.36302018 -0.34029186 -0.16548656 -0.20363562 -0.063000485 0.25311098 0.7600252 -0.12341911 -0.11221417 -0.10033785
-0.20006584 -0.14970377 -0.09731342 -0.6801823 -0.2538531 0.018584754 -0.097319365 -0.27477148 0.5340592 -0.1745511
-0.16792023 -0.17934905 -0.5013903 -0.5709216 -0.16647829 -0.09200681 -0.1017969 -0.055372633 -0.4922572 -0.26526773
0.15007754 -0.20513614 -0.026388124 0.9045845 0.3021967 -0.02078914 -0.06469968 -0.055770226 -0.13089421 -0.015547303
-0.046568 -0.18878828 0.81347126 -0.048137058 -0.014267527 -0.009983497 -0.035930436 -0.08104406 0.5374213 0.033966564
-0.050138157 0.115792036 -0.042001147 0.37805605 0.07210548 -0.03513985 0.03940839 0.6756416 -0.15583804 0.5921349
-0.18452847 -0.16615632 -0.0097120395 -0.06941694 -0.025909139 -0.11789794 -0.088524684 0.87863 -0.15061559 0.34109354
-0.030843496 0.18957962 -0.2992578 -0.37548068 -0.1332908 0.12134704 0.69258827 0.4464871 -0.14261103 -0.026621649
-0.010414394 0.33273917 -0.21052852 -0.4366742 -0.1527466 0.3547502 0.69055957 0.026040219 0.15280944 -0.063945904
-0.09923952 0.568551 -0.19856015 -0.22765578 -0.10558614 -0.011101704 0.20764098 0.68559813 -0.09396021 0.205884
-0.285618 0.35808444 -0.5214758 -0.6002521 -0.30180982 -0.034960542 -0.07401634 0.098568946 -0.21452062 -0.06658464
-0.06808654 -0.28631386 -0.36613673 -0.20605882 -0.070185475 -0.05596912 0.17316069 0.6569548 -0.43296817 0.2824501
-0.1343514 0.6142998 -0.46740746 -0.4708474 -0.20510323 -0.0043039466 0.110178754 0.21856593 -0.2400782 -0.06917124
-0.25304028 0.30225575 -0.4841536 -0.6194457 -0.26710835 -0.057383604 -0.0010268884 0.21554896 -0.30983475 -0.09692628
-0.14964707 -0.28157166 -0.5039246 -0.2319301 -0.37737486 -0.27941814 -0.22082718 -0.14738804 -0.53683764 -0.106877446
-0.05311614 -0.25769234 -0.59650487 -0.37047842 -0.19971399 -0.14523806 -0.016698329 -0.31856987 -0.4395056 -0.28599054
-0.013660877 -0.03572685 0.19902381 0.91046256 0.27663276 0.19947489 0.035510484 -0.0020522005 -0.10858607 0.024747591
-0.13972504 -0.15087828 -0.68353903 -0.40419105 -0.16528383 -0.0036749197 -0.13626738 -0.14122108 -0.49012327 0.14509149
0.1606015 0.06307937 -0.48304012 -0.25382802 -0.19027774 -0.09828671 -0.0154992035 0.054448545 -0.15010953 0.7751568
-0.06990654 -0.08153759 -0.5725818 -0.4885868 -0.2845112 0.5235241 0.0193254 -0.17444752 -0.079520226 0.17246653
0.34035298 0.35975856 -0.20566672 -0.040390775 -0.09605034 -0.08487934 -0.143079 -0.048497964 -0.21537313 0.79067314
-0.18404 -0.14251201 -0.28338945 -0.2629641 -0.27590418 -0.12564003 -0.12076909 0.6875211 -0.36984658 -0.28353894
-0.16426039 -0.2839393 -0.19259542 -0.27189374 -0.17322218 -0.31608883 -0.15773211 0.06544359 -0.39735246 0.68147516
-0.08392596 -0.43326408 -0.35740218 -0.35473222 -0.23367676 -0.3359671 -0.019948902 -0.13346058 -0.60262096 -0.05317
