0.14109847 -0.49687117 0.35091266 -0.02350427 -0.09649656 -0.049117293 0.035116777 -0.0427871 -0.25232458 0.7287403
0.05177083 -0.48576468 0.33983505 -0.02795766 -0.1057579 -0.05433636 -0.0024838091 -0.04118253 -0.24058849 0.75588405
0.8105917 -0.37832022 0.15545286 -0.012324912 0.010219242 -0.0723112 0.293898 -0.012121552 -0.28855413 -0.019435955
0.24476954 -0.46451518 0.33712676 -0.0077241464 -0.070813656 -0.036237527 0.099085964 -0.02843019 -0.24078304 0.731894
0.23174448 -0.6558042 0.41496098 -0.07560859 -0.18421054 -0.073984414 0.010682247 -0.10967298 -0.33594942 0.41700664
-0.063288294 -0.5163356 0.33806622 -0.040891185 -0.09068296 -0.1253 -0.0466348 -0.045428872 -0.28498968 0.7099648
-0.09067563 -0.713558 0.4303101 -0.15404443 -0.3190835 -0.11971854 -0.07385633 -0.1936239 -0.317565 0.117375694
0.12129557 -0.50781816 0.34655663 -0.013857409 -0.09073801 -0.07680241 -0.0055983514 -0.039240927 -0.26779664 0.72089976
0.096137285 -0.5501445 0.41233093 -0.04746063 -0.139685 -0.0768389 -0.0103888735 -0.07851014 -0.27804637 0.63783365
-0.0020942606 -0.69913083 0.4684011 -0.120234564 -0.2289553 -0.06436689 -0.007915565 -0.14846474 -0.3425277 0.28524116
0.16540994 -0.6153825 0.26875898 -0.020900391 -0.11087122 -0.13015167 -0.016808627 -0.01524652 -0.35502553 0.6045541
0.116288036 -0.5181386 0.3437391 0.06355864 -0.06739354 -0.19589433 -0.057469364 -0.03392046 -0.3226307 0.6665981
-0.24325708 -0.3289508 -0.13654447 -0.17130896 -0.3149805 -0.47901136 -0.29014134 -0.1286683 -0.29598013 -0.51731986
0.3366342 0.36005527 -0.012942715 0.18180159 0.60715705 0.2718054 0.33797398 0.3470601 0.017021596 0.21525219
0.47362164 -0.040075466 -0.005366018 0.053495802 0.41028163 0.55700505 0.50592214 0.1215488 -0.032069523 0.14436202
-0.1471991 -0.43155926 -0.06945223 -0.03662403 -0.23530917 -0.61025876 -0.31346834 -0.06680211 -0.38475215 -0.327687
0.43033338 -0.6605423 0.34203613 -0.06555303 -0.20852365 -0.19265945 -0.038403563 -0.09321744 -0.4023185 -0.06772596
-0.25698134 -0.23287345 -0.1686095 -0.027099086 -0.1566368 -0.65048116 -0.37080804 0.0047109765 -0.32705367 -0.39802182
-0.031160524 -0.5260625 0.48818555 -0.0778595 -0.16345748 -0.08245629 -0.030266598 -0.10842163 -0.25141823 0.60704213
-0.027712887 0.76333606 -0.031178264 0.21932466 0.42934468 -0.06597536 -0.030691618 0.35228065 0.20405367 0.11001577
0.7413453 -0.12290931 -0.022235187 0.16674146 0.48715642 -0.10174307 0.20544365 0.24914354 -0.20070644 -0.12152212
0.32405028 -0.09253092 0.042385515 -0.048353057 0.04969626 0.770467 0.5289993 -0.037757102 -0.022090334 0.066722974
0.025380686 -0.7257458 0.15610611 -0.1291156 -0.3163315 -0.2721657 -0.106945075 -0.15776327 -0.43233648 -0.18500741
0.53503835 -0.028301323 -0.005041253 0.11333113 0.48268822 0.43626097 0.4746193 0.15579829 -0.03975086 0.16011065
-0.13264243 -0.45812455 0.3315576 -0.06828371 -0.18594351 -0.07258533 -0.0717359 -0.106728055 -0.16199985 0.7584921
0.0030991097 -0.09547535 0.2048824 0.25978807 0.32272923 -0.019036409 0.026806625 0.21001048 -0.05412099 0.8538967
0.7101175 -0.010393225 -0.07064867 0.07732432 0.52003753 -0.16565928 0.06339148 0.21314962 -0.19573882 -0.31465518
0.66635036 0.032052945 -0.048343413 0.12362849 0.5963979 -0.062860824 0.25888276 0.2352859 -0.13172837 -0.1948195
-0.10806602 0.75347006 -0.077264205 -0.041590836 -0.21675901 -0.34257922 -0.2356569 -0.11233213 0.20413709 -0.37247214
-0.27090833 0.61547446 -0.069907725 -0.12358108 -0.22774765 -0.15119317 -0.19880213 -0.13904375 0.5761693 -0.24916978
0.5689918 -0.018125113 -0.022008518 0.11732199 0.6312989 0.16246298 0.41995436 0.22792421 -0.08318543 -0.038827088
0.06072488 -0.48291817 -0.057773866 -0.13932343 -0.24265575 -0.38649708 -0.14186546 -0.12583604 -0.43439597 -0.5544651
-0.18636975 0.71331507 -0.11191679 -0.14338368 -0.19490686 -0.06284043 -0.11321934 -0.08649902 0.47690836 -0.365628
-0.060959045 -0.5234001 -0.0970229 -0.13507648 -0.35690644 -0.40820283 -0.20555107 -0.14255641 -0.3674908 -0.4506023
-0.035872925 -0.32762754 -0.08763782 -0.28376976 -0.23606604 0.54113406 0.33991113 -0.20037676 -0.18450989 -0.514665
-0.043588046 -0.4830776 -0.08013667 -0.14572473 -0.23310271 -0.41693783 -0.16962981 -0.123996004 -0.43399793 -0.5257384
0.061508764 -0.63186127 -0.011580551 -0.10588717 -0.2581859 -0.3979216 -0.14891979 -0.10943974 -0.47210655 -0.32184064
0.5740914 -0.14874096 -0.045075405 0.29709983 0.38786483 -0.30989888 -0.06376895 0.45155114 -0.2771145 -0.16358894
0.5934888 -0.26540288 -0.043318328 0.22066924 0.51176244 -0.27824098 -0.03025373 0.18645972 -0.3405964 -0.18908659
0.63301307 -0.09211155 -0.05688205 -0.0263588 0.58954763 -0.03826532 0.38385954 0.09450783 -0.19280265 -0.21070397
-0.29313108 -0.23134214 -0.11690346 -0.2305039 -0.40004998 -0.37201598 -0.2842935 -0.21237752 -0.1690413 -0.5837968
-0.5100187 -0.25780025 -0.0107485885 -0.33306286 -0.34081307 -0.4140885 -0.3240511 -0.258972 -0.16951776 -0.271917
0.44044167 -0.050615046 -0.026618967 -0.06181959 0.25081593 0.6260763 0.57452846 -0.023868484 -0.05635251 -0.101047605
0.08256207 0.098271064 -0.021348914 -0.038714442 -0.0308117 0.82780874 0.38625035 -0.022557052 0.38142237 -0.013189877
-0.040993717 0.86772865 -0.034511615 -0.01961794 0.23258623 0.11992929 0.0332333 0.037761647 0.40673932 -0.08569613
0.23264903 0.4544272 -0.0073183584 0.29381633 0.6729719 -0.0022430678 0.16626143 0.36474252 -0.0033351039 0.19849828
0.6599786 0.008251971 -0.024901241 0.16882348 0.6125465 -0.046770263 0.2636312 0.26077065 -0.10961777 -0.0912093
-0.08885678 -0.13416964 -0.1308445 -0.12817241 -0.20052496 -0.561841 -0.26919642 -0.0942091 -0.30721664 -0.63949573
-0.053586707 0.5998316 -0.062276226 -0.08962191 -0.120359614 0.4425098 -0.0032121488 -0.08459609 0.6061276 -0.20139846
0.23066744 -0.41580155 -0.06947985 -0.107746296 -0.17681783 -0.42370778 -0.14166394 -0.085380964 -0.44582915 -0.56617117
-0.11085619 -0.46568114 -0.053825524 -0.24065728 -0.42806718 -0.27361602 -0.16668557 -0.23616184 -0.2841416 -0.53631955
-0.05909112 0.90247095 -0.038726483 -0.0126602845 0.06744822 -0.026948627 -0.03698629 0.032482672 0.40446982 -0.0953941
0.30005234 -0.6511473 0.027462201 -0.16699883 -0.37265056 -0.20931745 -0.0813983 -0.20903192 -0.37323883 -0.2915879
-0.09377826 -0.46656948 -0.04534234 -0.13024032 -0.3340526 -0.46589735 -0.24303666 -0.16044757 -0.3619273 -0.4583088
0.065733045 0.71940833 -0.022673164 0.09315062 0.29634106 0.36536533 0.1912253 0.17911662 0.42305952 -0.00075785
-0.25327325 -0.22408591 -0.089371935 -0.0861117 -0.37265807 -0.59675556 -0.38597643 -0.084266156 -0.20705497 -0.41987374
-0.0863075 0.788765 -0.046752624 -0.053846695 -0.05978659 0.118227445 -0.03288001 -0.03705919 0.5738586 -0.1264726
0.20764938 -0.64705443 0.39910775 -0.06829511 -0.18686153 -0.097984046 -0.010982178 -0.09217168 -0.33506855 0.45699653
-0.10040333 -0.71749336 0.21118738 -0.17220123 -0.37805614 -0.22913983 -0.13099407 -0.19734523 -0.3621337 -0.13487838
-0.13589688 0.7418588 -0.13329162 -0.09904926 -0.14974469 -0.19941534 -0.15662995 -0.09555386 0.015445353 -0.55453426
0.2247487 0.8352079 -0.040069975 0.15721223 0.304188 0.041568827 0.0677143 0.21532746 0.27241984 -0.07856561
0.10643562 0.7252585 -0.017545337 0.20045643 0.5210434 0.07744882 0.11247602 0.28175303 0.22363214 0.05147395
-0.16781278 -0.12502271 -0.118565604 -0.17798968 -0.20598105 -0.48161107 -0.24692862 -0.11322065 -0.27811575 -0.69638467
0.32170165 0.058644526 -0.076988265 0.37009948 0.5550639 -0.284153 -0.07381679 0.5298633 -0.18332596 -0.2037566
-0.13749196 0.08449577 -0.13018842 -0.13307098 -0.27206457 -0.44406328 -0.28020397 -0.16503023 -0.1375568 -0.73716825
-0.0031089603 -0.003615514 0.11279514 0.31971568 0.4602104 0.0073825596 0.04475643 0.28460285 -0.005447964 0.7682166
0.22909015 -0.13330571 -0.045374546 -0.14179209 -0.116643265 0.7850285 0.46095675 -0.13879056 -0.030360486 -0.2122317
-0.23276047 -0.22229394 -0.09019477 -0.2382562 -0.43307006 -0.32677957 -0.25767758 -0.25868616 -0.14626862 -0.6184347
-0.020239893 0.84172267 -0.025260115 0.15944086 0.30848467 -0.023467649 -0.018428281 0.21496701 0.35034275 -0.005461627
-0.19307007 0.16150185 -0.09613088 -0.1950168 -0.38361517 -0.019174295 -0.13599285 -0.2408907 0.6987652 -0.42076704
-0.20722778 -0.27750993 -0.09244765 -0.3120519 -0.37732702 -0.16824149 -0.14341195 -0.2689736 -0.19121322 -0.688451
-0.07065801 0.9034943 -0.06177408 -0.044259507 -0.025970167 -0.049371656 -0.053177983 -0.018748887 0.3689479 -0.17469008
-0.03557393 0.4145806 -0.030817023 0.1805765 0.85444385 0.007335205 0.16110368 0.1750506 0.0075049824 0.080736056
-0.13070296 -0.26300576 -0.04632795 -0.30522934 -0.37700877 0.6727726 0.079579 -0.17481405 -0.06666506 -0.42701045
-0.3094349 0.11877764 -0.073033646 -0.008598291 -0.30511993 -0.66825646 -0.4679064 -0.103017464 -0.06325542 -0.33394462
-0.08557251 0.67111504 -0.045746677 -0.07705984 -0.10735428 0.31359336 -0.023535062 -0.06443186 0.6276136 -0.16056482
-0.03165659 -0.75097424 0.29346836 -0.07519636 -0.22681907 -0.234681 -0.08942953 -0.08939374 -0.42608765 0.19797896
-0.36320338 -0.16802123 -0.11154212 -0.012330654 -0.20980985 -0.6792888 -0.43726575 0.039849084 -0.2289768 -0.27674052
0.47749683 -0.45523456 -0.0017934705 -0.12424244 -0.1663952 -0.34118947 -0.08352265 -0.11275994 -0.43551558 -0.4425569
0.06671342 0.7486467 -0.004160672 0.28998333 0.4339473 -0.008979547 -0.0008726671 0.26957908 0.27787602 0.112651125
-0.028215928 -0.12159606 0.24197204 0.11243973 -0.009480565 0.35189426 0.08991919 -0.009377836 0.020167261 0.88358676
-0.21742633 -0.13552585 -0.10600095 -0.30398566 -0.46709502 0.34264326 -0.09455195 -0.31445315 0.38341156 -0.49021176
-0.09435856 0.5771309 -0.032738276 -0.04521921 -0.0902894 0.3639276 -0.024091806 -0.041211184 0.7144704 -0.039468687
-0.32319134 0.6767246 -0.16377117 -0.04423386 -0.1909866 -0.41262996 -0.3227526 0.13249357 0.1333174 -0.25015363
-0.10953296 0.78671783 -0.06513371 -0.09280599 -0.12361325 -0.027852606 -0.07263024 -0.08268808 0.5143702 -0.25194675
0.13635965 -0.41156623 0.27614427 0.02823077 -0.076547794 -0.039411433 0.008320878 -0.026347987 -0.19333301 0.83030885
-0.116089575 0.8392572 -0.03059546 -0.0010770523 -0.012214587 -0.36888438 -0.20829362 -0.031147022 -0.049213633 -0.31341675
-0.13691734 -0.32560536 0.02430317 -0.18897054 -0.5013576 -0.3950739 -0.27821934 -0.33280897 -0.15865834 -0.46706644
0.14028493 -0.08499534 0.0641458 0.34044337 0.43383622 -0.019036913 0.08740451 0.31964782 -0.06486054 0.74194485
-0.26858678 0.47163534 -0.09176607 0.45897028 -0.010203488 -0.36785516 -0.26853684 0.5029455 0.035122436 0.15692395
-0.23217227 -0.30855444 0.25303897 -0.34312508 -0.48195016 -0.2272252 -0.1916543 -0.3455477 -0.12964346 -0.4607358
-0.07064554 0.27265087 -0.04289568 -0.1070695 -0.15042768 0.6679774 0.049423654 -0.112011045 0.6336674 -0.1483944
-0.05665687 0.8012926 -0.055692278 -0.016811619 -0.05284627 0.07191173 -0.04015903 -0.017661035 0.57619095 -0.09721734
-0.09071258 0.45091012 -0.04816323 -0.04382023 -0.10059327 0.49625018 -0.016495368 -0.043837007 0.7247414 -0.019601727
0.13860238 -0.06380574 -0.02940054 -0.07208572 -0.07216846 0.8725499 0.4218029 -0.050282497 0.13016495 -0.08195671
0.12524052 -0.15868312 -0.039692424 -0.116000414 -0.15695234 0.86223423 0.38391203 -0.095787704 -0.008678678 -0.13921912
-0.2168494 -0.60542643 0.04482888 -0.26069048 -0.5706134 -0.080158286 -0.15232375 -0.33672214 -0.12845464 -0.17707653
-0.11010275 0.6278557 -0.013866082 0.26291466 -0.07999191 -0.08316231 -0.12014601 -0.0026289672 0.6648422 0.23363733
-0.065960966 0.12751754 -0.12308379 0.5296989 0.30382964 0.16097371 -0.054845333 0.6917993 0.27743015 -0.082892664
-0.2950497 0.14003515 -0.103317074 0.5654195 -0.13513358 0.30093455 -0.14503966 0.026027422 0.39182395 0.5281094
-0.11356409 0.78473437 -0.11414971 0.21578819 -0.06921536 -0.06506533 -0.13890953 -0.011851262 0.45499593 0.27607697
-0.06400912 -0.036573987 -0.02981278 -0.011193828 -0.24924609 0.2569391 -0.10803406 -0.089883305 0.43509263 0.81015664
-0.32129398 -0.017844707 -0.44542742 -0.17987482 -0.014924204 -0.15368758 -0.016509216 -0.10790418 0.7882839 -0.09241939
-0.2776205 -0.5366394 -0.2676987 -0.18078661 -0.3207983 -0.06945611 -0.008038811 -0.22737521 -0.2395914 0.56008464
-0.53477204 -0.46388036 -0.35127783 -0.4909092 -0.032482274 0.086888194 -0.063336015 -0.14701669 -0.20323487 -0.24271686
-0.07765949 -0.051264297 -0.17379947 0.15947792 0.43701866 0.37234336 0.1507517 0.25828493 0.43076494 0.57539636
-0.3868545 -0.21184674 -0.2640345 0.57345897 -0.036916185 0.38968512 -0.026815731 -0.022099225 -0.121442564 0.48756742
-0.37963912 -0.23088461 -0.28603053 -0.2411161 -0.18765733 -0.29720578 -0.20324606 -0.2629005 -0.47001672 -0.45577192
-0.23193458 0.37849158 -0.40229398 0.17932634 -0.2760338 0.051682275 -0.2695354 -0.20290923 0.6240081 -0.1639474
-0.10428297 0.9045848 -0.2762374 -0.013863089 0.0122372005 -0.14577456 -0.11857457 -0.0384534 0.20425098 -0.12528048
-0.30057642 0.030583858 -0.36164367 -0.019291058 0.095976315 -0.10790856 -0.040624924 -0.0046520745 0.8494945 0.18273291
-0.35666487 0.18868981 -0.47037104 -0.024659498 -0.07371589 0.73877555 -0.13299543 -0.03770867 -0.18887682 -0.09654975
-0.22654998 -0.23211266 -0.6318247 0.14463805 -0.35110405 0.1835628 -0.18397981 0.35934252 -0.30228338 -0.2517063
-0.21528451 -0.127264 -0.015866134 -0.056410167 -0.21026337 0.79966295 -0.15258618 -0.12516758 -0.11467274 0.4452548
-0.34561768 -0.1285238 -0.7368096 0.53172266 0.14125125 -0.06212561 -0.03742063 -0.05984415 -0.041490354 -0.088871256
-0.36891475 -0.06977028 -0.7237477 0.5205355 0.20324622 -0.10219719 -0.06580435 -0.05538602 -0.030529825 -0.06467394
-0.42482963 -0.40392205 -0.1519815 -0.25861323 -0.47557864 0.35154188 -0.1844895 -0.13715093 -0.30905405 -0.26128468
