-0.021019842 -0.05899839 0.013467902 0.5389175 -0.030504595 0.62722933 -0.008695919 -0.0033473605 -0.0030390136 0.55769235
-0.022093896 -0.0587582 0.035896264 0.55337816 -0.029490063 0.6262957 -0.0061538448 0.0013898286 -0.0062888972 0.5434594
0.18124676 0.41583797 0.12959822 0.7813795 -0.019443352 0.28574818 -0.034692142 -0.003258363 0.0318882 0.28743282
0.0064780395 -0.053751532 0.0508439 0.5772723 -0.024828637 0.5906321 0.027327903 0.09276096 -0.0014247876 0.54993117
0.0067576584 0.05200348 0.06812719 0.67465204 -0.023082333 0.5737397 -0.017921204 -0.0019989281 0.040656306 0.4536133
-0.018292436 -0.16440403 0.15096302 0.47579485 -0.047175836 0.58070916 0.02746737 0.08190599 -0.042886823 0.61213976
-0.049415763 -0.09372358 0.010102046 0.4536399 -0.034896914 0.70978 -0.009466879 -0.011083249 -0.009667089 0.5268505
-0.017236026 -0.058314245 0.034899116 0.558238 -0.02899752 0.6211166 -0.004706115 0.017554889 -0.0050862445 0.54449236
-0.00714043 -0.024661874 0.05019601 0.58857024 -0.024751902 0.61631864 -0.009237153 -4.87587e-06 0.02495436 0.5188803
-0.026786186 -0.0657884 0.027651185 0.5565394 -0.030930277 0.63435215 -0.0073149614 0.00042188016 -0.008992595 0.53005624
0.21034797 -0.13857956 0.19926718 0.58305985 -0.030705104 0.42188144 0.18435107 0.38383496 -0.03327406 0.44219315
-0.0357485 -0.20456032 0.09156727 0.40890315 -0.05594719 0.58826345 0.007998671 0.028882805 -0.0505362 0.65471727
0.2578718 -0.3091956 0.45747805 -0.004168229 -0.034602616 -0.0680486 0.40698263 0.6658122 -0.1105896 -0.039974697
-0.024208674 0.86215484 -0.008946188 0.4673084 -0.0327142 -0.036142983 -0.13809316 -0.11386292 -0.0065979743 -0.05649142
-0.03632933 0.8903343 -0.040022068 0.42014343 -0.007863321 0.032843508 -0.08988714 -0.08399033 0.1056398 -0.020699212
0.3820809 -0.20836058 0.33331355 -0.04392907 -0.00016950695 -0.052051924 0.51860625 0.65016496 -0.056515753 0.0013478496
0.36370853 -0.10012191 0.3010206 0.6062596 -0.02424153 0.2621766 0.19117409 0.42765015 -0.02850111 0.33160046
0.047109444 -0.47265458 0.46465573 -0.05090115 -0.06233315 -0.043873508 0.39528766 0.61051315 -0.14285742 -0.026176449
-0.08765799 -0.052106358 -0.007974861 0.41697776 -0.038193747 0.7129042 -0.041846674 -0.06127717 -0.013192608 0.5479923
0.141354 0.4613484 -0.079016894 -0.45743707 0.43233404 -0.23042926 0.20245738 -0.078453325 0.5027671 -0.10842143
0.64323455 0.6444689 0.15238638 0.18984017 0.107841626 -0.085654184 0.055457983 0.2460156 0.16515413 -0.04250508
-0.14302072 0.84801185 -0.10984406 0.26463065 -0.025193477 0.30111647 -0.14966787 -0.1796237 0.17933771 -0.013893045
0.3887754 -0.123104975 0.32846606 0.535589 -0.020789796 0.17388788 0.26626965 0.52502084 -0.03977811 0.2452662
-0.024900816 0.91208804 -0.021961901 0.3762579 -0.008764707 -0.009664478 -0.09323073 -0.08869815 0.089894295 -0.024749268
-0.1653813 -0.14136127 -0.0022682373 0.2528363 -0.082307264 0.7404229 -0.105347395 -0.14899145 -0.05112307 0.54573256
-0.14226602 0.096883416 -0.045473896 0.23677526 -0.045362037 0.78473806 -0.10985422 -0.15926874 0.07465159 0.50136286
0.7274326 0.551711 0.18966204 0.004014647 0.08191474 -0.18776351 -0.0033262304 0.2677666 0.015230916 -0.12869203
0.56542003 0.75282824 0.15076575 -0.063429564 0.1506479 -0.19305107 -0.010523694 0.0840106 0.048761964 -0.13147837
0.049306434 0.466162 -0.06769782 -0.5088514 0.13011175 -0.4912967 -0.11872135 -0.17663953 0.17552865 -0.42701402
-0.3383318 -0.43380505 -0.088363476 -0.5971465 -0.11918891 -0.2730241 -0.20742053 -0.405015 -0.13884912 -0.13365996
0.19924615 0.90568316 0.030020779 0.3469078 0.018688103 -0.05608147 -0.059218764 -0.033763554 0.08852866 -0.05304848
0.48128942 -0.17194365 0.3617607 0.09492294 -0.010977604 -0.079684086 0.3736428 0.6684104 -0.06820623 -0.03756552
-0.076315105 -0.53199726 -0.05428735 -0.5156194 -0.012577737 -0.35022095 0.35556495 0.25977618 -0.14337102 -0.32413903
0.47083974 -0.15826136 0.42235577 0.180695 -0.011999659 -0.042139433 0.36904052 0.6328732 -0.059104122 -0.009783732
0.34145752 -0.24684897 0.11912023 -0.12564337 0.04003119 -0.14117076 0.5165099 0.6997819 -0.06097699 -0.103775956
0.49982014 -0.15469167 0.39371413 0.26728532 -0.017281923 -0.052025728 0.32013467 0.62472457 -0.06285518 -0.008656917
0.45989192 -0.068477556 0.35716763 0.51886636 -0.009415394 0.088518046 0.26453772 0.52736247 -0.028309586 0.173788
0.5419038 -0.017686836 0.35644513 0.36226636 0.05132757 -0.035091076 0.3257437 0.58075833 -0.0213582 -0.0051131938
0.37400952 0.39978325 0.13047975 0.8179921 -0.038393628 -0.023001371 -0.06755613 -0.011206735 -0.0106383115 0.085722655
0.40068927 0.7489468 0.1281354 0.50139606 0.002768718 -0.05120934 -0.03816594 0.028610503 0.06749314 -0.035347488
-0.007578649 -0.52156776 0.35302603 -0.31880188 -0.04310651 -0.29320276 0.4022616 0.42204082 -0.17386875 -0.20894574
-0.20254856 -0.06786454 -0.08191861 -0.507497 0.49700475 -0.20198156 0.6046364 -0.08519624 0.11779588 -0.12479968
-0.0018706146 0.81943285 0.0011907022 0.5629908 -0.01214576 -0.019016705 -0.082141854 -0.05200297 -0.0015731961 -0.040037896
-0.12966031 0.8478835 -0.10068862 -0.23779133 0.090345114 -0.2450751 -0.124844044 -0.1831254 0.05467614 -0.27796462
-0.14984882 0.8294188 -0.13366647 -0.24326785 0.04847775 -0.10671672 -0.14622603 -0.23736604 0.32111382 -0.13411361
-0.0595059 0.95684063 -0.063735686 0.089060396 0.051045887 -0.000675544 -0.07892659 -0.09719355 0.22160031 -0.039142504
0.33970097 0.80962944 0.09410317 0.45522833 -0.0034778672 -0.06201222 -0.056721095 -0.016429337 0.05758371 -0.04852384
0.4900844 -0.10391573 0.40300065 0.34649208 -0.007938307 -0.01900329 0.32945958 0.5943702 -0.04270312 0.0498532
-0.21968736 0.12325415 -0.13831879 -0.38492712 -0.08381766 -0.42568043 -0.3469436 -0.3655541 -0.06354704 -0.56831133
0.52065945 -0.1613407 0.40637892 0.16842166 -0.017688153 -0.0955783 0.30630216 0.63133544 -0.07571645 -0.042268462
0.36900985 -0.07756592 0.43450227 0.7193946 -0.04362644 -0.06792797 -0.012634743 0.36583942 -0.093553714 -0.047186196
-0.053868096 -0.28853056 -0.08927464 -0.6333848 0.25638098 -0.43541992 0.3352055 -0.007156064 -0.050170947 -0.3666733
0.31441814 -0.053604808 0.22732994 0.78578085 -0.030415261 0.32421833 -0.0007900745 0.3402307 -0.023245582 0.082442194
0.16164626 -0.39888436 0.3439061 -0.090199776 -0.036570724 -0.10225624 0.5089444 0.63262606 -0.13090485 -0.013574924
-0.0033931772 0.7666872 -0.057485104 -0.2578348 -0.021650655 -0.41258708 -0.18699916 -0.2097312 -0.017844282 -0.30401412
-0.019210815 -0.47490287 0.39862102 -0.20823574 -0.036405314 -0.15368147 0.52764326 0.48970038 -0.15109272 -0.076492526
-0.21693993 0.076487444 -0.17812993 -0.6215641 0.06437257 -0.46046734 -0.16972123 -0.3067479 -0.008807091 -0.4357331
-0.00016544243 -0.044790197 0.11813421 0.751442 -0.05162079 0.48123008 -0.04898404 -0.019639643 -0.024556674 0.42630705
0.006382161 -0.22534262 0.32505664 0.50710607 -0.033670187 0.3800334 0.31966877 0.5087095 -0.07091963 0.27349463
-0.004882229 -0.49600974 0.0061273538 -0.44683078 -0.10211653 -0.586123 -0.09648435 -0.08322713 -0.22960223 -0.36240047
0.6529995 -0.22237587 -0.06574101 -0.29085165 0.07137032 -0.25964215 0.18008928 0.4931746 -0.0036306193 -0.2950418
-0.1436083 0.73620397 -0.17574209 -0.3529676 0.176291 -0.23527518 -0.11220629 -0.2115014 0.28773758 -0.23528717
-0.038137484 -0.2631681 -0.06741913 -0.42355347 0.27287638 -0.28682467 0.6708269 0.31935906 -0.047651958 -0.18532589
0.630512 0.1317783 0.049466703 -0.10262044 0.25813496 -0.12896255 0.42055577 0.52596074 0.16720518 -0.08594585
-0.073851846 -0.7101 -0.05329811 -0.17823002 -0.2832795 -0.34083343 -0.3223568 -0.2645176 -0.2784708 -0.08861801
-0.37829742 -0.101680085 -0.19933814 -0.20346652 -0.108847976 0.62079054 -0.28442788 -0.43794146 0.022207368 0.3082272
-0.06340419 0.92101014 -0.07346278 -0.14012092 0.2410478 -0.13509 -0.033381738 -0.07447858 0.13639824 -0.14515632
-0.04684093 -0.6468449 0.1014751 -0.40888324 -0.059083503 -0.33332136 0.35339683 0.27269706 -0.19001368 -0.22795308
-0.052620538 0.11959684 -0.12984599 -0.65221643 0.42738304 -0.42334837 0.036954485 -0.13694039 0.2730492 -0.29004687
-0.15585183 -0.4762508 -0.09306624 -0.5565771 -0.09215 -0.4684569 -0.1343722 -0.20656799 -0.1560212 -0.34270057
-0.048944693 -0.42821708 -0.023821086 -0.4685273 0.08348297 -0.3110799 0.5826339 0.3026047 -0.106938675 -0.21895505
-0.057784487 -0.039520558 -0.15550967 -0.6941253 0.38624042 -0.452321 -0.0036961706 -0.13374564 0.12602228 -0.31866404
-0.19734623 0.87589675 -0.11667517 -0.19468454 0.2669205 -0.015622564 -0.029550202 -0.15093274 0.21590513 -0.024178088
0.39186713 -0.0024385904 0.40578702 0.7534234 -0.020065553 0.07201883 0.04529444 0.31367195 -0.030885082 0.08449425
-0.09278216 -0.68270093 0.26148322 -0.4116168 -0.07907897 -0.30644593 0.35194057 0.04232372 -0.21668923 -0.121403165
-0.1276301 -0.21624275 -0.04078802 -0.3940135 -0.13353594 -0.55048835 -0.3094485 -0.33110347 -0.14797077 -0.48154628
0.07213094 -0.16888747 0.20310573 0.57468957 -0.039312515 0.45860752 0.16200621 0.3137537 -0.048994042 0.5057667
-0.05951477 -0.566685 0.40100232 -0.2106826 -0.059921212 -0.1387173 0.51438725 0.38651422 -0.18072857 -0.025548035
0.3353226 -0.044401076 0.3924169 0.7778602 -0.042494547 0.09468359 -0.01887897 0.18137284 -0.044848587 0.28371644
-0.007577978 -0.10166114 -0.0086113205 -0.53541243 -0.1535878 -0.5026567 -0.46324927 0.123494245 -0.33743313 0.28792733
-0.32174176 -0.48122 -0.05881605 -0.009801459 -0.0950391 0.61717385 -0.06713139 -0.23662604 -0.03997651 0.45751664
-0.18082581 -0.49811998 -0.26359963 -0.3900113 -0.13698876 -0.36704406 -0.23462501 -0.24392053 -0.25647223 -0.40468934
-0.22940768 -0.6037437 -0.24347532 -0.24662179 -0.14852177 -0.22064082 -0.40024883 -0.34039882 -0.20238087 -0.2738497
-0.19521064 -0.2968427 0.48146027 -0.2790185 -0.07003315 -0.18098007 0.6246513 0.3001461 -0.14201418 -0.16130233
-0.2829772 -0.27158496 -0.38810915 -0.48690245 -0.14610519 -0.23415543 -0.36270967 -0.296824 -0.18839255 -0.35655677
-0.09309502 -0.16991274 0.20963226 0.32446903 -0.0521479 0.4849535 -0.10075805 -0.1792968 0.14419085 0.7157146
-0.15391867 -0.39444873 -0.003980926 -0.33351514 0.029904535 -0.08573333 0.7973324 0.04332867 -0.19594128 -0.1587991
0.2861684 0.1612011 -0.5691142 -0.10250087 0.32304204 -0.12093488 -0.3653015 -0.2851921 -0.443932 -0.16397467
-0.11484613 0.9079601 -0.117812425 -0.059854206 0.23940904 -0.089377716 -0.022095634 -0.07789599 0.2565116 -0.0854239
-0.23394254 -0.41849336 0.29136568 -0.28823474 -0.04223279 -0.15617444 0.56383526 0.4273657 -0.17591615 -0.21092361
-0.1814087 -0.1274309 -0.62378865 0.55090487 -0.38108552 -0.005881415 0.035515726 -0.20480332 -0.08575252 0.2498477
-0.35775334 -0.37526202 -0.3546398 -0.30047843 -0.066360354 -0.35359523 -0.28701726 -0.37974024 -0.1070406 -0.38426775
-0.20655863 -0.44986212 -0.23375735 -0.2826308 -0.16875589 -0.18797205 -0.68052655 -0.28028023 -0.11265165 -0.04752929
-0.3083379 -0.20980856 -0.17768593 -0.05428247 -0.06433829 -0.18718204 -0.68331 -0.38300717 -0.0678379 -0.41110072
0.09887851 0.19030252 -0.07612158 0.92252517 0.1627534 -0.15117246 -0.13345075 -0.14969489 -0.035046138 -0.07983209
0.032919347 0.05064902 -0.06759421 0.9196028 0.29377255 -0.1656728 -0.08219604 -0.13117424 -0.05743024 -0.07142758
-0.3669217 0.058319613 -0.42620125 -0.090613715 -0.1272966 0.2661913 -0.21150805 -0.32674897 0.53452605 -0.38448402
-0.24537654 -0.71515733 -0.0056133005 -0.24117175 -0.10388114 0.0510879 -0.090364106 -0.40685365 -0.07691712 -0.42087045
-0.27498266 -0.22926082 -0.29695156 -0.23031878 -0.22705151 -0.20535628 -0.51594275 -0.4677298 -0.10806156 -0.37447053
-0.15155384 -0.14522326 0.46618587 -0.1986198 -0.104092665 -0.17839348 0.7715609 0.23084792 -0.07449061 -0.048550818
-0.1988196 -0.43133488 -0.25713226 -0.35233018 -0.0013062529 -0.088135906 -0.65949315 -0.31999022 -0.18940063 -0.056571294
-0.043570183 -0.22003882 0.27352607 0.31500182 -0.13577068 0.7412305 -0.1215416 -0.10335086 0.010347301 0.4268779
-0.19894801 -0.40212235 0.36379153 -0.31095314 -0.026289297 -0.15065831 0.45060727 0.5183816 -0.17864087 -0.20642994
0.15036844 -0.5935601 -0.10427288 -0.20466274 0.117631055 -0.13885401 0.6833313 0.20438087 -0.14189446 -0.10174182
-0.15474448 -0.5189946 -0.22646153 -0.135428 -0.08737102 -0.1301708 -0.109300025 -0.54475516 -0.06784141 -0.5469808
-0.21102071 0.47266364 -0.28655395 -0.2527055 0.35480437 -0.20752063 -0.31437242 -0.1605418 0.40183473 -0.36202258
-0.29486632 -0.1738332 -0.22146668 -0.074275196 -0.08291757 -0.19118735 -0.66379076 -0.3988169 -0.055169027 -0.42676342
-0.11085585 -0.6008841 -0.07336716 -0.4728789 -0.24212573 -0.09017273 -0.35155648 -0.39278218 -0.20826928 -0.098236
-0.19355199 0.80133307 -0.144916 0.35266304 -0.06643934 -0.13293768 -0.16924213 -0.35254714 -0.003129834 -0.0014796731
0.38527998 -0.15149873 0.0318504 -0.09126525 0.07396879 -0.040899258 0.55075717 0.5838842 -0.08713927 0.40033993
-0.21545243 0.24552864 -0.2771171 0.0050489716 -0.10221117 0.6329499 0.30457452 -0.23702228 -0.08395279 0.49941033
-0.16594863 -0.031651106 -0.2626614 0.06159451 0.06450949 0.6500199 0.57815576 -0.10823364 -0.08434376 0.3448111
0.68515974 -0.26612875 -0.11672486 -0.15405977 -0.33845237 -0.23882969 -0.392007 -0.15887088 -0.21582961 -0.15903118
-0.12935674 0.007343542 -0.27254757 0.15935904 -0.028345346 0.7924273 0.16979554 -0.09246618 -0.15067278 0.44125748
-0.22575381 0.50278336 0.49692634 -0.17827849 -0.21050325 -0.14807007 -0.25906184 -0.3371361 -0.40960008 -0.052370057
-0.12930615 -0.032276195 -0.39368984 0.36826974 -0.19666034 0.4374712 -0.21318106 -0.2250516 -0.5640705 0.21748
-0.2360656 -0.06962944 -0.2389731 -0.075471535 -0.36822987 0.023160195 -0.20726709 -0.22453552 -0.80385077 -0.030644927
-0.16687773 -0.034691993 -0.33529723 0.17596826 0.04893862 0.7848809 0.27211604 -0.14316595 -0.14287557 0.3068701
-0.20991464 -0.012575838 -0.30044422 -0.03175034 -0.07960338 0.7166285 0.23350088 -0.17651404 -0.30261353 0.4090904
-0.14979121 -0.032750525 -0.2826761 0.10211636 0.1825986 0.67358327 0.5214406 -0.07418238 -0.094076805 0.33592567
-0.13566914 0.42456448 -0.27102718 0.1952212 -0.037207 0.6163155 0.09882131 -0.091503985 -0.020521313 0.5385007
-0.34192958 -0.0763165 -0.37544903 -0.04694924 -0.19676328 -0.004030709 -0.020540347 -0.3443186 -0.7465008 0.13827911
-0.03402316 0.5132095 0.19549109 0.045371026 -0.20671453 -0.08860022 0.30080464 -0.115060896 0.7182031 0.15831661
-0.18777627 -0.12087754 -0.5932575 0.02019164 0.33619985 -0.028552419 -0.14866562 -0.099768996 -0.619005 -0.262104
-0.10350763 0.14889878 -0.19327852 0.42642704 0.6505274 0.5470656 0.07114018 -0.037690915 -0.13617699 0.020646654
0.02908548 0.53974515 0.7326614 -0.020886628 -0.20746246 -0.074224345 -0.05504507 -0.049355228 -0.081890695 0.33147892
0.17540435 0.345527 0.62934124 0.5595311 -0.102872394 0.24794431 -0.044076104 -0.18161319 -0.18242317 -0.020866726
-0.013179309 0.7897083 0.33947682 0.24682255 -0.06744177 0.14886455 -0.00870717 -0.06696072 -0.03386781 0.40939656
-0.103846826 -0.17893365 -0.37622455 -0.14036636 -0.1271012 0.7301934 -0.00475472 -0.15528744 -0.47093162 -0.02646689
0.67990345 -0.112740025 0.52859944 -0.10903334 -0.25170156 -0.1646409 -0.2941522 -0.034765363 -0.19176263 -0.13692304
-0.00883996 0.30203322 -0.1004542 0.626342 0.41634288 0.5419831 -0.04621492 -0.089708455 -0.15541375 0.069846995
-0.21692307 -0.067254275 -0.14945108 -0.044177495 0.87422514 -0.019007288 -0.035455566 -0.14449893 -0.35108614 -0.118762664
-0.0065873344 0.6909348 0.6172497 -0.01381213 -0.24006003 -0.10925016 -0.09911759 -0.16186367 -0.10473115 0.15754499
-0.1572283 -0.05588484 -0.15368798 -0.013446476 0.8966308 0.028846893 0.33154362 -0.048484467 -0.16228764 -0.07047749
0.7598001 0.2498888 0.39081857 -0.047688212 -0.38282844 -0.16210407 -0.1742694 -0.009844244 -0.04319877 -0.008833737
0.3014444 0.45979235 0.7951483 -0.033449862 -0.16693328 -0.06322477 -0.05004919 0.04394785 -0.050536733 0.15964974
-0.01760533 0.4173631 -0.09577333 0.6927042 0.27453452 0.43872607 -0.03528023 -0.12422851 -0.1842495 0.13420683
-0.05739244 0.11288569 -0.18423413 0.58794147 0.5776984 0.36325863 -0.11043148 -0.18134773 -0.30496466 -0.02382752
-0.121013016 -0.11339194 -0.42902374 -0.006090809 0.09423028 0.8761145 -0.03297542 -0.08518372 -0.05899046 -0.010963163
-0.20355545 -0.15650517 -0.4543902 -0.07205359 0.27018592 0.6548943 0.44833097 -0.13667914 -0.0007907959 -0.028979748
-0.050171603 0.22483741 -0.14985144 0.45851904 0.6694268 0.5015003 -0.008560857 0.07957991 -0.0848038 0.03167316
-0.019513795 0.7603485 0.4126572 0.2050132 -0.1572799 -0.03778217 -0.11439168 -0.09123707 -0.14923151 0.37326765
-0.036633633 -0.024639398 -0.12743692 0.25398183 0.5518749 0.54493046 0.5432702 0.10177146 -0.02218174 0.09897997
-0.03550501 0.7167872 -0.049595606 0.44887802 0.026459051 0.3412928 0.06675033 -0.04708902 -0.0067250486 0.39636484
0.20814547 -0.20151156 0.71907586 0.20351769 -0.0054029566 -0.08613857 -0.0311566 0.1396152 0.5610683 -0.12193933
-0.009742902 0.6013589 0.10459633 0.66957945 -0.02390919 0.15002584 -0.022611896 -0.11004159 0.32031998 0.20171933
-0.057985734 0.71794975 -0.006770552 0.26831457 -0.08637693 -0.019649718 0.29175252 -0.12849858 0.45625538 0.30248946
-0.21100537 0.88225806 -0.12095701 -0.09728825 -0.1984003 -0.04102687 -0.082671754 -0.18027292 -0.2661527 -0.042257976
-0.04996426 0.0010834627 -0.13442174 0.4592693 0.7314524 0.3735702 0.25432858 0.1667139 -0.038023956 -0.002306363
-0.059775047 0.3067448 -0.14862068 0.4894239 0.55477315 0.5545775 -0.018140048 0.06848559 -0.045881737 0.1351176
-0.32604435 -0.13838477 -0.098389 -0.4368401 0.04535817 -0.45699453 -0.10050739 -0.615539 -0.1146385 -0.24698511
0.19668458 -0.2012407 -0.2650943 0.10536963 -0.05475114 -0.05153888 -0.15640903 0.88813084 -0.12508313 -0.06999792
-0.08909882 -0.02649037 -0.16394772 0.22744074 0.839308 0.31465334 0.30856964 0.08567354 -0.08046654 -0.016634407
-0.08515567 -0.12405329 -0.21071854 -0.017065832 0.8570273 0.24501291 0.27996737 -0.0018228354 0.23505409 -0.06710545
-0.13313171 -0.21833634 -0.57385355 -0.055522483 -0.07859707 0.73088473 -0.15265812 -0.13244775 -0.1100663 -0.09425017
-0.010994757 -0.22017044 -0.42758375 0.0044782134 0.14519158 0.47216025 -0.097565934 -0.14567518 -0.6958826 -0.097710244
-0.08060972 0.1927331 -0.17682004 0.49546131 0.54395485 0.55559134 0.166241 0.07814954 -0.11196839 0.16958728
-0.046938755 -0.05411764 -0.012337663 0.2992729 -0.13755086 0.026692364 0.8440599 -0.016379073 0.4144591 -0.03220577
-0.10351874 -0.0068304194 -0.3857433 0.018446164 -0.055647515 0.7071346 -0.39669266 -0.110216096 -0.40833446 -0.026707575
0.05100933 0.60107666 0.6916027 0.12612678 -0.117711775 -0.025624309 -0.00016324171 -0.0722527 0.03565735 0.34767506
0.8344808 0.13276312 -0.01980943 0.5066339 0.035094816 0.09464475 -0.07983839 0.08411979 -0.03308423 -0.06489464
-0.030720776 -0.022379285 -0.24123883 0.38977587 0.30797246 0.8133228 -0.08160476 -0.085456334 -0.06494077 0.11795617
0.2720094 -0.025150897 0.4418506 0.22019868 -0.30060175 -0.25393194 -0.6092833 -0.19109586 -0.24653897 -0.24143474
-0.07857726 0.17421779 -0.08951054 -0.00583724 -0.30019987 -0.14940612 -0.06607213 -0.14664562 0.89580745 0.12101207
-0.13470407 -0.069570914 -0.19409856 0.117777325 0.82535326 0.25118402 0.35884413 0.16189334 -0.15701026 -0.039201673
0.63370687 0.060372274 0.6232665 -0.0802867 -0.30734646 -0.2038856 -0.21330704 -0.037727553 -0.08203607 -0.1008928
0.59230363 -0.3615308 -0.13679616 -0.12994298 -0.33866826 -0.27252123 -0.3135168 -0.08011498 -0.36337826 -0.23907001
-0.059397165 0.42050827 0.45395848 0.11094023 0.037369803 0.3134881 0.60535353 0.12485233 -0.044752333 0.34284645
-0.016876953 -0.08511948 -0.21854374 0.05112412 0.6194569 0.2613928 0.32831472 0.5780351 0.21631968 -0.03650461
0.5155044 -0.4680709 -0.42683926 -0.110975266 -0.33077654 -0.115804635 -0.28354132 -0.26913032 -0.06300664 -0.20257612
0.63760954 0.12514015 0.619247 0.10658336 -0.1258472 -0.09367839 -0.26709294 0.2870884 -0.05579383 -0.038504437
0.6261461 -0.049711056 0.49816093 0.2033274 0.43108794 -0.09188436 -0.08545831 0.29721162 -0.07313934 -0.14386334
-0.105517395 -0.409039 -0.06133734 -0.08722583 -0.053719044 0.11457831 0.7720377 -0.073054545 -0.41449454 -0.14485745
0.12715611 -0.07366744 -0.20003752 0.54045 0.75083935 0.15699822 0.15969399 0.17963246 -0.00037330345 -0.011182364
-0.05611879 0.29701647 -0.17425157 0.67231023 -0.12211545 0.51184237 0.18236904 0.030745413 -0.03495617 0.33755994
0.45524552 0.4976318 0.72215027 0.060370605 -0.09672492 -0.028333165 -0.08164204 -0.0026583695 -0.025903456 0.049663026
-0.07053631 0.108330324 -0.13972335 0.38571373 0.45779407 0.6753248 0.2683041 0.029232569 -0.025773995 0.27540252
-0.035083357 0.46822608 0.17537673 0.38489038 0.095042355 0.1962213 0.294728 -0.046754394 0.64839244 0.20889409
0.73288333 -0.05819718 0.6512273 -0.0283655 -0.069858134 -0.08756747 -0.08319511 -0.016601542 -0.08796846 -0.084320314
-0.1128656 0.09328655 0.6813248 0.39268622 -0.063168116 0.25486633 0.517198 -0.06245482 -0.11553135 0.0803999
0.6616503 0.27041557 -0.11461962 0.0021269426 -0.11390731 0.28508982 -0.53719616 -0.0843583 -0.28669572 -0.06172982
0.34290135 -0.09316333 -0.18677247 0.16193041 0.025105882 0.83698785 -0.2605979 -0.13469817 -0.14766411 -0.05996114
0.29379967 -0.10013006 -0.12679912 0.08508885 0.15048932 0.13920557 0.5242505 0.6483555 0.3715574 0.07109129
-0.07658462 0.26224932 -0.16133475 0.71072274 0.47545096 0.3567412 -0.053094998 -0.034454957 -0.14885421 0.12133648
-0.1025107 -0.06638313 -0.13836513 -0.12747227 0.8620271 -0.026161851 0.41326872 -0.15896614 0.06597546 -0.07417336
0.35563645 0.10177388 -0.0077295043 0.5109633 -0.003621868 0.6803936 -0.23555577 -0.21470758 -0.1902062 -0.036176782
-0.13844706 -0.0058381422 -0.36849248 -0.05739496 -0.27262267 0.5722247 -0.059695784 -0.19991992 -0.1413311 0.613553
-0.22910067 -0.25831258 -0.7279157 -0.30004436 -0.106454566 0.4129653 -0.05620049 -0.20117581 -0.18627107 -0.026446912
-0.08188884 0.14883555 0.20556591 0.095282726 0.030713918 0.2272679 0.75109303 -0.019773547 0.505149 0.21795554
-0.31105772 -0.18857357 0.58484197 0.46885845 -0.22759266 -0.4292908 -0.1046301 -0.059015684 -0.23392043 -0.024013232
-0.337849 -0.56998616 -0.3923374 -0.3168509 -0.14689009 -0.33868346 -0.16524793 -0.010910149 -0.2679714 -0.26670748
-0.38600752 -0.21671355 -0.021040704 -0.3367974 -0.3605155 -0.41635102 -0.34594414 -0.22419758 0.37139553 -0.2810018
-0.0365987 -0.33158278 -0.052536212 -0.60045105 0.059511974 -0.3759037 -0.17872536 -0.22416864 -0.3030783 -0.4544401
0.9444523 0.1309191 -0.07394122 -0.10438525 -0.031411216 -0.14803523 -0.051982123 -0.19705915 -0.073827475 -0.06797375
-0.51765645 -0.2985224 0.05218134 -0.32728976 -0.4712409 -0.25286153 -0.31664568 -0.22782196 -0.024289733 -0.30709988
-0.15296347 -0.2819519 -0.25081992 -0.18206345 -0.4458335 0.36914924 -0.065673545 -0.05388254 -0.27613628 0.6184992
-0.48011276 -0.00445719 -0.43913236 -0.3290729 -0.18468578 -0.36548933 -0.23572968 -0.4124561 -0.2585315 -0.09015105
-0.5885917 -0.14218138 -0.077622525 -0.3126743 -0.048629943 -0.3203937 -0.29373997 -0.029242638 0.540928 -0.21164921
-0.14534746 -0.11776646 0.9248348 -0.10000227 -0.22117378 0.06342817 -0.1364724 -0.13526005 -0.03362302 -0.0932397
-0.025244236 -0.37816188 -0.043410584 -0.21363342 -0.49018666 -0.42068565 -0.3197137 -0.007930681 0.41846776 -0.33790264
0.4880427 0.76242906 0.11745285 -0.023910344 0.014067002 -0.04722924 0.042716973 0.06561345 0.3952393 -0.037105486
0.1347207 -0.4221033 0.64018697 -0.33083493 -0.06880205 -0.1519833 -0.1839317 -0.21378154 0.23190485 -0.35105866
-0.41228843 0.7476122 -0.267393 -0.17401092 -0.098455995 0.046655823 0.22590455 -0.09270538 -0.22604394 -0.21615303
0.5390649 0.13956238 0.31022158 -0.05544171 -0.010807053 -0.10146582 0.6473444 0.29457957 0.19008596 -0.1955594
-0.17531948 -0.091333374 -0.052207887 -0.38734248 -0.15361257 -0.1117106 -0.12893927 0.7942404 0.34331715 -0.082313865
-0.41496867 -0.17749801 -0.20331423 -0.40896416 -0.26006487 -0.32328466 -0.3022619 0.38504037 0.39521617 -0.1405217
0.4177908 0.36428705 0.36238936 -0.15661149 -0.055475645 -0.05346388 0.5276638 -0.029524868 -0.15148334 0.4782349
0.55456626 -0.06619874 -0.051002532 -0.14223817 -0.07810626 -0.033373993 -0.009890864 0.810798 -0.0005983585 -0.023131313
0.70173717 0.17321452 0.4914526 -0.1510988 -0.17663357 -0.21711367 -0.01838286 0.33060068 0.03354902 -0.15526454
0.8080156 -0.093795545 -0.13415419 -0.2030925 -0.17568068 -0.13389708 -0.0724241 0.44974145 -0.059955996 0.13845555
-0.31840965 0.82359636 -0.22961372 -0.1684657 -0.1567678 0.24086295 -0.043856565 -0.052315254 -0.192491 -0.1220538
-0.19737066 -0.2981506 -0.25098127 -0.08277246 -0.66388136 -0.28093615 -0.3822458 0.25494653 -0.17917615 -0.1985722
0.049668394 -0.110575184 -0.024909267 -0.6306405 -0.123440415 -0.15004463 -0.07237732 -0.5521479 -0.48656955 0.048700176
-0.08298335 0.95077 -0.023903077 -0.2530712 -0.010694642 -0.08927736 -0.07453303 0.055659324 -0.07820517 -0.040985018
-0.38365957 -0.34117717 -0.2653825 -0.061385427 -0.22603743 -0.5888702 -0.2102482 -0.031463817 -0.07356549 -0.46232063
-0.23126838 -0.22158414 -0.0985253 -0.48774907 -0.45571604 0.17204143 -0.047712512 -0.16524923 0.56357133 -0.2556113
0.42359352 0.4628182 0.19414224 -0.04402041 -0.03669525 -0.083549954 -0.031186992 0.7214818 0.17509094 -0.07903282
-0.71141624 -0.34264576 -0.17457789 -0.06881763 -0.29532447 -0.23411909 -0.18328497 0.38234845 -0.029233908 -0.1363849
-0.10446458 -0.16432768 -0.18882765 -0.34013984 0.61217064 -0.15701494 0.57883704 -0.123149306 -0.20003858 0.1452324
-0.11808023 -0.05833923 0.6870441 -0.15496731 -0.09894479 -0.14773564 0.61239135 -0.13048115 0.21149656 -0.13495967
-0.21545243 0.24552864 -0.2771171 0.0050489716 -0.10221117 0.6329499 0.30457452 -0.23702228 -0.08395279 0.49941033
-0.16594863 -0.031651106 -0.2626614 0.06159451 0.06450949 0.6500199 0.57815576 -0.10823364 -0.08434376 0.3448111
0.68515974 -0.26612875 -0.11672486 -0.15405977 -0.33845237 -0.23882969 -0.392007 -0.15887088 -0.21582961 -0.15903118
-0.12935674 0.007343542 -0.27254757 0.15935904 -0.028345346 0.7924273 0.16979554 -0.09246618 -0.15067278 0.44125748
-0.22575381 0.50278336 0.49692634 -0.17827849 -0.21050325 -0.14807007 -0.25906184 -0.3371361 -0.40960008 -0.052370057
-0.12930615 -0.032276195 -0.39368984 0.36826974 -0.19666034 0.4374712 -0.21318106 -0.2250516 -0.5640705 0.21748
-0.2360656 -0.06962944 -0.2389731 -0.075471535 -0.36822987 0.023160195 -0.20726709 -0.22453552 -0.80385077 -0.030644927
-0.16687773 -0.034691993 -0.33529723 0.17596826 0.04893862 0.7848809 0.27211604 -0.14316595 -0.14287557 0.3068701
-0.20991464 -0.012575838 -0.30044422 -0.03175034 -0.07960338 0.7166285 0.23350088 -0.17651404 -0.30261353 0.4090904
-0.14979121 -0.032750525 -0.2826761 0.10211636 0.1825986 0.67358327 0.5214406 -0.07418238 -0.094076805 0.33592567
-0.13566914 0.42456448 -0.27102718 0.1952212 -0.037207 0.6163155 0.09882131 -0.091503985 -0.020521313 0.5385007
-0.34192958 -0.0763165 -0.37544903 -0.04694924 -0.19676328 -0.004030709 -0.020540347 -0.3443186 -0.7465008 0.13827911
-0.03402316 0.5132095 0.19549109 0.045371026 -0.20671453 -0.08860022 0.30080464 -0.115060896 0.7182031 0.15831661
-0.18777627 -0.12087754 -0.5932575 0.02019164 0.33619985 -0.028552419 -0.14866562 -0.099768996 -0.619005 -0.262104
-0.10350763 0.14889878 -0.19327852 0.42642704 0.6505274 0.5470656 0.07114018 -0.037690915 -0.13617699 0.020646654
0.02908548 0.53974515 0.7326614 -0.020886628 -0.20746246 -0.074224345 -0.05504507 -0.049355228 -0.081890695 0.33147892
0.17540435 0.345527 0.62934124 0.5595311 -0.102872394 0.24794431 -0.044076104 -0.18161319 -0.18242317 -0.020866726
-0.013179309 0.7897083 0.33947682 0.24682255 -0.06744177 0.14886455 -0.00870717 -0.06696072 -0.03386781 0.40939656
-0.103846826 -0.17893365 -0.37622455 -0.14036636 -0.1271012 0.7301934 -0.00475472 -0.15528744 -0.47093162 -0.02646689
0.67990345 -0.112740025 0.52859944 -0.10903334 -0.25170156 -0.1646409 -0.2941522 -0.034765363 -0.19176263 -0.13692304
-0.00883996 0.30203322 -0.1004542 0.626342 0.41634288 0.5419831 -0.04621492 -0.089708455 -0.15541375 0.069846995
-0.21692307 -0.067254275 -0.14945108 -0.044177495 0.87422514 -0.019007288 -0.035455566 -0.14449893 -0.35108614 -0.118762664
-0.0065873344 0.6909348 0.6172497 -0.01381213 -0.24006003 -0.10925016 -0.09911759 -0.16186367 -0.10473115 0.15754499
-0.1572283 -0.05588484 -0.15368798 -0.013446476 0.8966308 0.028846893 0.33154362 -0.048484467 -0.16228764 -0.07047749
0.7598001 0.2498888 0.39081857 -0.047688212 -0.38282844 -0.16210407 -0.1742694 -0.009844244 -0.04319877 -0.008833737
0.3014444 0.45979235 0.7951483 -0.033449862 -0.16693328 -0.06322477 -0.05004919 0.04394785 -0.050536733 0.15964974
-0.01760533 0.4173631 -0.09577333 0.6927042 0.27453452 0.43872607 -0.03528023 -0.12422851 -0.1842495 0.13420683
-0.05739244 0.11288569 -0.18423413 0.58794147 0.5776984 0.36325863 -0.11043148 -0.18134773 -0.30496466 -0.02382752
-0.121013016 -0.11339194 -0.42902374 -0.006090809 0.09423028 0.8761145 -0.03297542 -0.08518372 -0.05899046 -0.010963163
-0.20355545 -0.15650517 -0.4543902 -0.07205359 0.27018592 0.6548943 0.44833097 -0.13667914 -0.0007907959 -0.028979748
-0.050171603 0.22483741 -0.14985144 0.45851904 0.6694268 0.5015003 -0.008560857 0.07957991 -0.0848038 0.03167316
-0.019513795 0.7603485 0.4126572 0.2050132 -0.1572799 -0.03778217 -0.11439168 -0.09123707 -0.14923151 0.37326765
-0.036633633 -0.024639398 -0.12743692 0.25398183 0.5518749 0.54493046 0.5432702 0.10177146 -0.02218174 0.09897997
-0.03550501 0.7167872 -0.049595606 0.44887802 0.026459051 0.3412928 0.06675033 -0.04708902 -0.0067250486 0.39636484
0.20814547 -0.20151156 0.71907586 0.20351769 -0.0054029566 -0.08613857 -0.0311566 0.1396152 0.5610683 -0.12193933
-0.009742902 0.6013589 0.10459633 0.66957945 -0.02390919 0.15002584 -0.022611896 -0.11004159 0.32031998 0.20171933
-0.057985734 0.71794975 -0.006770552 0.26831457 -0.08637693 -0.019649718 0.29175252 -0.12849858 0.45625538 0.30248946
-0.21100537 0.88225806 -0.12095701 -0.09728825 -0.1984003 -0.04102687 -0.082671754 -0.18027292 -0.2661527 -0.042257976
-0.04996426 0.0010834627 -0.13442174 0.4592693 0.7314524 0.3735702 0.25432858 0.1667139 -0.038023956 -0.002306363
-0.059775047 0.3067448 -0.14862068 0.4894239 0.55477315 0.5545775 -0.018140048 0.06848559 -0.045881737 0.1351176
-0.32604435 -0.13838477 -0.098389 -0.4368401 0.04535817 -0.45699453 -0.10050739 -0.615539 -0.1146385 -0.24698511
0.19668458 -0.2012407 -0.2650943 0.10536963 -0.05475114 -0.05153888 -0.15640903 0.88813084 -0.12508313 -0.06999792
-0.08909882 -0.02649037 -0.16394772 0.22744074 0.839308 0.31465334 0.30856964 0.08567354 -0.08046654 -0.016634407
-0.08515567 -0.12405329 -0.21071854 -0.017065832 0.8570273 0.24501291 0.27996737 -0.0018228354 0.23505409 -0.06710545
-0.13313171 -0.21833634 -0.57385355 -0.055522483 -0.07859707 0.73088473 -0.15265812 -0.13244775 -0.1100663 -0.09425017
-0.010994757 -0.22017044 -0.42758375 0.0044782134 0.14519158 0.47216025 -0.097565934 -0.14567518 -0.6958826 -0.097710244
-0.08060972 0.1927331 -0.17682004 0.49546131 0.54395485 0.55559134 0.166241 0.07814954 -0.11196839 0.16958728
-0.046938755 -0.05411764 -0.012337663 0.2992729 -0.13755086 0.026692364 0.8440599 -0.016379073 0.4144591 -0.03220577
-0.10351874 -0.0068304194 -0.3857433 0.018446164 -0.055647515 0.7071346 -0.39669266 -0.110216096 -0.40833446 -0.026707575
0.05100933 0.60107666 0.6916027 0.12612678 -0.117711775 -0.025624309 -0.00016324171 -0.0722527 0.03565735 0.34767506
0.8344808 0.13276312 -0.01980943 0.5066339 0.035094816 0.09464475 -0.07983839 0.08411979 -0.03308423 -0.06489464
-0.030720776 -0.022379285 -0.24123883 0.38977587 0.30797246 0.8133228 -0.08160476 -0.085456334 -0.06494077 0.11795617
0.2720094 -0.025150897 0.4418506 0.22019868 -0.30060175 -0.25393194 -0.6092833 -0.19109586 -0.24653897 -0.24143474
-0.07857726 0.17421779 -0.08951054 -0.00583724 -0.30019987 -0.14940612 -0.06607213 -0.14664562 0.89580745 0.12101207
-0.13470407 -0.069570914 -0.19409856 0.117777325 0.82535326 0.25118402 0.35884413 0.16189334 -0.15701026 -0.039201673
0.63370687 0.060372274 0.6232665 -0.0802867 -0.30734646 -0.2038856 -0.21330704 -0.037727553 -0.08203607 -0.1008928
0.59230363 -0.3615308 -0.13679616 -0.12994298 -0.33866826 -0.27252123 -0.3135168 -0.08011498 -0.36337826 -0.23907001
-0.059397165 0.42050827 0.45395848 0.11094023 0.037369803 0.3134881 0.60535353 0.12485233 -0.044752333 0.34284645
-0.016876953 -0.08511948 -0.21854374 0.05112412 0.6194569 0.2613928 0.32831472 0.5780351 0.21631968 -0.03650461
0.5155044 -0.4680709 -0.42683926 -0.110975266 -0.33077654 -0.115804635 -0.28354132 -0.26913032 -0.06300664 -0.20257612
0.63760954 0.12514015 0.619247 0.10658336 -0.1258472 -0.09367839 -0.26709294 0.2870884 -0.05579383 -0.038504437
0.6261461 -0.049711056 0.49816093 0.2033274 0.43108794 -0.09188436 -0.08545831 0.29721162 -0.07313934 -0.14386334
-0.105517395 -0.409039 -0.06133734 -0.08722583 -0.053719044 0.11457831 0.7720377 -0.073054545 -0.41449454 -0.14485745
0.12715611 -0.07366744 -0.20003752 0.54045 0.75083935 0.15699822 0.15969399 0.17963246 -0.00037330345 -0.011182364
-0.05611879 0.29701647 -0.17425157 0.67231023 -0.12211545 0.51184237 0.18236904 0.030745413 -0.03495617 0.33755994
0.45524552 0.4976318 0.72215027 0.060370605 -0.09672492 -0.028333165 -0.08164204 -0.0026583695 -0.025903456 0.049663026
-0.07053631 0.108330324 -0.13972335 0.38571373 0.45779407 0.6753248 0.2683041 0.029232569 -0.025773995 0.27540252
-0.035083357 0.46822608 0.17537673 0.38489038 0.095042355 0.1962213 0.294728 -0.046754394 0.64839244 0.20889409
0.73288333 -0.05819718 0.6512273 -0.0283655 -0.069858134 -0.08756747 -0.08319511 -0.016601542 -0.08796846 -0.084320314
-0.1128656 0.09328655 0.6813248 0.39268622 -0.063168116 0.25486633 0.517198 -0.06245482 -0.11553135 0.0803999
0.6616503 0.27041557 -0.11461962 0.0021269426 -0.11390731 0.28508982 -0.53719616 -0.0843583 -0.28669572 -0.06172982
0.34290135 -0.09316333 -0.18677247 0.16193041 0.025105882 0.83698785 -0.2605979 -0.13469817 -0.14766411 -0.05996114
0.29379967 -0.10013006 -0.12679912 0.08508885 0.15048932 0.13920557 0.5242505 0.6483555 0.3715574 0.07109129
-0.07658462 0.26224932 -0.16133475 0.71072274 0.47545096 0.3567412 -0.053094998 -0.034454957 -0.14885421 0.12133648
-0.1025107 -0.06638313 -0.13836513 -0.12747227 0.8620271 -0.026161851 0.41326872 -0.15896614 0.06597546 -0.07417336
0.35563645 0.10177388 -0.0077295043 0.5109633 -0.003621868 0.6803936 -0.23555577 -0.21470758 -0.1902062 -0.036176782
-0.13844706 -0.0058381422 -0.36849248 -0.05739496 -0.27262267 0.5722247 -0.059695784 -0.19991992 -0.1413311 0.613553
-0.22910067 -0.25831258 -0.7279157 -0.30004436 -0.106454566 0.4129653 -0.05620049 -0.20117581 -0.18627107 -0.026446912
-0.08188884 0.14883555 0.20556591 0.095282726 0.030713918 0.2272679 0.75109303 -0.019773547 0.505149 0.21795554
-0.31105772 -0.18857357 0.58484197 0.46885845 -0.22759266 -0.4292908 -0.1046301 -0.059015684 -0.23392043 -0.024013232
-0.337849 -0.56998616 -0.3923374 -0.3168509 -0.14689009 -0.33868346 -0.16524793 -0.010910149 -0.2679714 -0.26670748
-0.38600752 -0.21671355 -0.021040704 -0.3367974 -0.3605155 -0.41635102 -0.34594414 -0.22419758 0.37139553 -0.2810018
-0.0365987 -0.33158278 -0.052536212 -0.60045105 0.059511974 -0.3759037 -0.17872536 -0.22416864 -0.3030783 -0.4544401
0.9444523 0.1309191 -0.07394122 -0.10438525 -0.031411216 -0.14803523 -0.051982123 -0.19705915 -0.073827475 -0.06797375
-0.51765645 -0.2985224 0.05218134 -0.32728976 -0.4712409 -0.25286153 -0.31664568 -0.22782196 -0.024289733 -0.30709988
-0.15296347 -0.2819519 -0.25081992 -0.18206345 -0.4458335 0.36914924 -0.065673545 -0.05388254 -0.27613628 0.6184992
-0.48011276 -0.00445719 -0.43913236 -0.3290729 -0.18468578 -0.36548933 -0.23572968 -0.4124561 -0.2585315 -0.09015105
-0.5885917 -0.14218138 -0.077622525 -0.3126743 -0.048629943 -0.3203937 -0.29373997 -0.029242638 0.540928 -0.21164921
-0.14534746 -0.11776646 0.9248348 -0.10000227 -0.22117378 0.06342817 -0.1364724 -0.13526005 -0.03362302 -0.0932397
-0.025244236 -0.37816188 -0.043410584 -0.21363342 -0.49018666 -0.42068565 -0.3197137 -0.007930681 0.41846776 -0.33790264
0.4880427 0.76242906 0.11745285 -0.023910344 0.014067002 -0.04722924 0.042716973 0.06561345 0.3952393 -0.037105486
0.1347207 -0.4221033 0.64018697 -0.33083493 -0.06880205 -0.1519833 -0.1839317 -0.21378154 0.23190485 -0.35105866
-0.41228843 0.7476122 -0.267393 -0.17401092 -0.098455995 0.046655823 0.22590455 -0.09270538 -0.22604394 -0.21615303
0.5390649 0.13956238 0.31022158 -0.05544171 -0.010807053 -0.10146582 0.6473444 0.29457957 0.19008596 -0.1955594
-0.17531948 -0.091333374 -0.052207887 -0.38734248 -0.15361257 -0.1117106 -0.12893927 0.7942404 0.34331715 -0.082313865
-0.41496867 -0.17749801 -0.20331423 -0.40896416 -0.26006487 -0.32328466 -0.3022619 0.38504037 0.39521617 -0.1405217
0.4177908 0.36428705 0.36238936 -0.15661149 -0.055475645 -0.05346388 0.5276638 -0.029524868 -0.15148334 0.4782349
0.55456626 -0.06619874 -0.051002532 -0.14223817 -0.07810626 -0.033373993 -0.009890864 0.810798 -0.0005983585 -0.023131313
0.70173717 0.17321452 0.4914526 -0.1510988 -0.17663357 -0.21711367 -0.01838286 0.33060068 0.03354902 -0.15526454
0.8080156 -0.093795545 -0.13415419 -0.2030925 -0.17568068 -0.13389708 -0.0724241 0.44974145 -0.059955996 0.13845555
-0.31840965 0.82359636 -0.22961372 -0.1684657 -0.1567678 0.24086295 -0.043856565 -0.052315254 -0.192491 -0.1220538
-0.19737066 -0.2981506 -0.25098127 -0.08277246 -0.66388136 -0.28093615 -0.3822458 0.25494653 -0.17917615 -0.1985722
0.049668394 -0.110575184 -0.024909267 -0.6306405 -0.123440415 -0.15004463 -0.07237732 -0.5521479 -0.48656955 0.048700176
-0.08298335 0.95077 -0.023903077 -0.2530712 -0.010694642 -0.08927736 -0.07453303 0.055659324 -0.07820517 -0.040985018
-0.38365957 -0.34117717 -0.2653825 -0.061385427 -0.22603743 -0.5888702 -0.2102482 -0.031463817 -0.07356549 -0.46232063
-0.23126838 -0.22158414 -0.0985253 -0.48774907 -0.45571604 0.17204143 -0.047712512 -0.16524923 0.56357133 -0.2556113
0.42359352 0.4628182 0.19414224 -0.04402041 -0.03669525 -0.083549954 -0.031186992 0.7214818 0.17509094 -0.07903282
-0.71141624 -0.34264576 -0.17457789 -0.06881763 -0.29532447 -0.23411909 -0.18328497 0.38234845 -0.029233908 -0.1363849
-0.10446458 -0.16432768 -0.18882765 -0.34013984 0.61217064 -0.15701494 0.57883704 -0.123149306 -0.20003858 0.1452324
-0.11808023 -0.05833923 0.6870441 -0.15496731 -0.09894479 -0.14773564 0.61239135 -0.13048115 0.21149656 -0.13495967
