-0.10991747 -0.1710098 -0.1873144 0.6325474 -0.20481797 0.6450067 -0.20372286 -0.09891593 -0.11692968 -0.022958525
-0.09411408 -0.13326252 -0.25041714 0.90090233 -0.18960313 0.12048051 -0.11392241 -0.112097256 -0.13942397 -0.060015798
-0.0534327 -0.17780918 -0.19086064 0.4609185 -0.17790213 0.8056654 -0.10105116 -0.10044613 -0.119670786 -0.035883714
-0.082786016 -0.14733194 -0.21227793 0.77858853 -0.1699344 0.4947035 -0.14498794 -0.090868965 -0.11492973 -0.0638836
0.5370789 -0.18178241 -0.43421865 -0.086163744 -0.2162959 -0.07328092 0.5599437 -0.24901308 -0.098692946 -0.2123503
-0.18866152 -0.058030605 -0.16716905 -0.26704234 0.6943963 -0.31797984 -0.23662448 0.4323711 -0.13971408 -0.12660483
-0.20456208 -0.12655011 0.5045016 -0.10265681 -0.45420766 -0.202729 -0.30788976 -0.13327542 -0.106243156 0.5530184
-0.07600247 -0.1339983 -0.24086271 0.8598743 -0.18252853 0.32198957 -0.10837856 -0.111052446 -0.11839409 -0.061480414
-0.4061854 -0.22416015 -0.15020199 -0.2705654 -0.17885701 -0.44496486 -0.5644707 -0.06111845 -0.36914107 0.019699521
-0.2714995 -0.14359227 0.62021077 -0.11525811 -0.40240937 -0.28373966 -0.39998668 -0.046797883 -0.110682994 0.30141637
-0.07711438 -0.13202234 -0.22948973 0.91601276 -0.18767287 0.115305744 -0.09167389 -0.09889993 -0.12769437 -0.043252617
-0.08242182 0.15970273 0.15720607 -0.22286376 0.88603264 -0.18725407 -0.11206457 0.23278984 -0.07828657 -0.017983112
-0.35597867 -0.110623084 -0.4098317 -0.17169903 -0.44575518 -0.2933284 -0.33172864 -0.4052042 -0.16484633 -0.2783006
-0.09070159 0.5857552 0.6358026 -0.21742037 -0.017388454 -0.12113827 -0.040688314 0.15448482 0.39440686 -0.033057116
-0.04464421 0.54282266 0.6431755 -0.21247439 0.019322222 -0.07862773 -0.025928244 0.27435595 0.4021288 -0.01799069
0.5825576 -0.056719895 -0.19607167 -0.16324654 -0.04855547 -0.09887302 0.7441843 -0.12808822 -0.009208624 -0.09940223
-0.07338284 0.27836004 0.2869921 -0.28307548 0.8088609 -0.19614446 -0.065767854 0.2115386 -0.06504827 -0.092739336
0.5993292 -0.049883395 -0.19097258 -0.15041041 -0.06557131 -0.062475797 0.7276696 -0.14759172 0.077252515 -0.117325015
