-0.056586582 -0.07089546 0.53875625 0.6674512 -0.102475114 -0.057777207 -0.04236936 -0.16493014 0.10806099 -0.44889724
-0.05345271 -0.059569605 0.5338952 0.6862814 -0.08695481 -0.04383608 -0.03681514 -0.15949023 0.120835446 -0.43207815
0.5928534 0.6065708 0.15272677 0.18917231 0.25769022 0.12172554 -0.009912243 -0.21047814 -0.008413809 -0.30950543
-0.06341274 -0.04016795 0.4389064 0.6856434 -0.06942418 -0.047699958 -0.053158343 -0.001250077 0.27816433 -0.4942893
0.4013413 0.4834654 0.08758429 0.15902846 -0.009837974 -0.0052031493 -0.05221244 -0.4155557 -0.017542299 -0.629588
-0.16930519 -0.091345556 -0.009873853 0.4373326 -0.1420305 -0.08743059 -0.13366878 0.007368672 0.31479052 -0.7917089
-0.2596474 -0.18989082 -0.031850636 0.16442344 -0.26616132 -0.17489515 -0.1942701 0.057567045 0.2759041 -0.80614334
-0.08118581 -0.08189382 0.48698148 0.6938682 -0.08508916 -0.047920983 -0.03516989 -0.23528278 0.057450145 -0.4457198
-0.11328299 -0.06352337 0.16288278 0.54637265 -0.096795976 -0.07300481 -0.09607309 0.18529871 0.335713 -0.6979325
-0.2515282 -0.20159729 -0.040738635 0.07448802 -0.25760865 -0.17812137 -0.17718682 0.37533665 0.27322912 -0.7374738
0.46803343 0.6016254 0.0013452148 0.06962574 0.50847924 0.3200054 0.21060398 -0.07466412 0.016532902 -0.05463788
0.021583319 -0.01227434 0.24413748 0.34565574 -0.14391603 -0.06912723 -0.10966297 -0.3948261 -0.011348242 -0.79168785
-0.24213286 -0.4426306 -0.15372713 -0.075304404 -0.32830697 -0.467669 -0.25331214 -0.056685813 -0.15780109 -0.5453125
-0.23366451 -0.17532557 0.060193453 0.31285444 -0.20320252 -0.1494166 -0.16749355 0.7047799 0.23790736 -0.41009185
0.41290283 0.6218641 0.26254758 0.32052806 0.42537117 0.2675926 0.08334908 -0.06848461 0.069448434 -0.046045452
0.44388798 0.6010117 -0.02770332 -0.0064202417 0.50378793 0.36861628 0.19566719 -0.11272491 -0.014568022 -0.0074006952
0.46880248 0.61596423 0.016279273 0.07879882 0.50020516 0.2686566 0.18569736 -0.13477702 0.009037511 -0.13865945
0.51367724 0.54968387 -0.029463181 -0.019857163 0.5240852 0.3039784 0.19744265 -0.14167324 -0.018163128 -0.0791706
-0.1832045 -0.13927655 -0.03389873 0.10141753 -0.15875806 -0.12155585 -0.12067139 0.72402865 0.27333954 -0.5311591
-0.30996853 -0.62482166 -0.0013050898 -0.12384112 -0.49919578 -0.39957896 -0.16054443 -0.17861852 -0.12439517 -0.1271457
0.6780879 0.58567613 -0.005692827 -0.019630397 0.30816108 0.11255596 0.071855 -0.2110744 -0.027013784 -0.19668548
-0.022453334 -0.025738157 0.21676174 0.06936507 -0.040424567 0.03513818 -0.005654094 -0.19114518 -0.035217922 0.9520287
0.5307297 0.5897439 -0.017898148 -0.0030263255 0.49429244 0.21490397 0.18034706 -0.16475737 -0.017656745 -0.14038524
0.36256012 0.62894607 0.15930006 0.24469022 0.4755135 0.31257167 0.19385262 0.049286235 0.1477255 -0.045632254
-0.2149719 -0.0815841 -0.121038206 0.3957764 0.5080343 0.0074235797 -0.016449468 0.42806497 0.25410748 -0.5192371
-0.366916 -0.22648731 -0.28315848 -0.0167354 0.09158972 -0.0973724 -0.10553079 -0.01027762 0.029805766 -0.8388186
0.65926284 0.5930033 -0.007296937 -0.012771794 0.34266642 0.10218608 0.04527803 -0.20601709 -0.028122816 -0.20089042
0.6732369 0.5796489 -0.013320162 -0.023474926 0.31885162 0.07673383 0.034077074 -0.23534769 -0.034993492 -0.21142814
-0.1526957 -0.21314031 -0.04648129 -0.070768684 -0.16701548 -0.15136924 -0.07847797 0.89540994 0.10109192 -0.2348243
-0.40092403 -0.54492104 -0.24475233 -0.2785254 -0.39036953 -0.3141496 -0.15893622 -0.19850393 -0.11490549 -0.2754901
-0.040940665 -0.3123649 0.4934722 -0.050190337 -0.38111275 -0.3057641 -0.094835415 -0.5965291 -0.16108556 -0.15871423
0.45119926 0.5760951 -0.0014164032 0.07708523 0.5664898 0.30145556 0.208914 -0.04403469 -0.00075530115 0.034909412
-0.15718791 -0.3506787 0.47584492 0.19404525 -0.19891721 -0.1470883 0.09427831 0.1927603 -0.030843265 0.69284576
0.50606513 0.4690807 -0.022721764 -0.016003447 0.56812274 0.24054231 0.32618353 -0.18663323 -0.03483314 0.004894277
-0.029672474 -0.05835955 0.02317797 -0.008125359 -0.03439779 -0.016165242 0.010788276 -0.11554464 -0.045043226 0.9890248
0.37087438 0.49866816 -0.017159287 0.04800958 0.62358207 0.28710845 0.23159695 -0.067916125 -0.014517313 0.28537083
0.47223213 0.5499054 -0.022794975 -0.0057170657 0.5823602 0.24106008 0.24077375 -0.12757212 -0.017873771 -0.047212087
0.5708869 0.4633231 0.038458914 0.030109445 0.51975495 0.14364244 0.28748524 -0.13562697 -0.033606395 0.25314832
0.6399882 0.40029445 0.5950437 0.21523802 -0.05935185 -0.024245732 -0.008777063 -0.10207645 0.03549199 -0.11793342
0.3491718 -0.10458491 0.41003788 -0.05760039 -0.14416078 -0.09296664 0.23812817 -0.41457772 -0.08882588 0.6555893
-0.34444702 -0.42992467 -0.24072121 -0.20252761 -0.30684447 -0.2395614 -0.14453022 -0.5380226 -0.16797723 -0.3277805
-0.16954835 -0.35449922 -0.22552717 -0.28493035 -0.37303275 -0.3075475 -0.11148201 -0.18998915 -0.09476517 -0.64984024
-0.024827585 -0.07645064 0.26893866 -0.021810569 -0.123229854 -0.03698053 -0.0060708206 -0.19972876 -0.041187555 0.92873955
-0.07315511 -0.047086567 0.09809763 0.3173357 0.032688603 -0.0040067723 0.026875809 0.87294745 0.14933664 0.30977488
-0.04227556 -0.07710696 -0.060641196 -0.08155402 -0.0112869525 -0.0155507 0.06644078 -0.19693902 -0.06715068 0.9663649
0.09005884 0.051554404 0.26661184 0.19146313 -0.014620507 -0.00550081 0.009566117 0.8478367 0.15975823 0.36987332
0.68309087 0.5829019 -0.006722956 -0.02450649 0.29357547 0.106567904 0.06409237 -0.22909014 -0.03054112 -0.1946802
0.34091595 0.46667993 -0.0045247255 0.06657924 0.5075161 0.30443278 0.20944224 -0.06606471 -0.013720863 0.51270086
-0.12252857 -0.16368693 -0.023178404 -0.044440858 -0.13915867 -0.10178813 -0.039218012 0.95779663 0.08213958 -0.017196355
0.57740223 0.5816846 -0.012523268 -0.012180068 0.41381913 0.26540434 0.19892812 -0.19689435 -0.026353072 -0.08499663
-0.2976049 -0.44370648 -0.19884217 -0.27199337 -0.42383 -0.31706637 -0.17603265 -0.47050202 -0.17148812 -0.19775376
-0.35034683 -0.41170523 -0.320447 -0.34245193 -0.4099019 -0.26957136 -0.14220843 -0.0880285 -0.073878475 -0.46225294
0.7132113 0.33957544 -0.015782071 -0.07191935 -0.04325282 -0.045607574 -0.0010260125 -0.40770522 -0.053941995 -0.44442272
0.35688215 0.5714746 -0.022015313 0.064978465 0.59956354 0.37846 0.1689395 -0.091870345 -0.0042705196 -0.04046936
-0.076128766 -0.16005927 0.27862564 0.010339631 -0.1407657 -0.0863685 -0.017777396 -0.06284764 -0.035560023 0.9263052
-0.12911864 -0.113406755 -0.048154823 0.12979777 -0.033552278 -0.0824963 -0.05880284 0.94951326 0.08218321 -0.1777139
-0.1476164 -0.18128128 -0.096072 -0.11016308 -0.09958471 -0.070188574 -0.032145914 -0.195313 -0.08027046 0.9292541
0.47234064 0.5843552 0.035287857 0.07823262 0.46132922 0.34097657 0.267097 -0.16544382 -0.014280262 0.0071882005
-0.13471705 -0.20254274 -0.11520665 0.29830498 -0.08769952 -0.2650566 -0.12737544 -0.0058608972 -0.055570524 -0.8609739
-0.37814844 -0.47009265 -0.27385092 -0.2766718 -0.34382257 -0.3199042 -0.2573931 -0.3927371 -0.20830438 -0.0061672204
0.23732436 0.32025644 -0.04410904 -0.012918155 0.47861224 0.04328469 0.22139995 0.7328989 0.113384396 -0.09509165
-0.09510188 -0.22258241 0.28816676 -0.0026321898 -0.33359846 -0.28313297 -0.20132014 0.68576944 -0.0070002503 -0.3950379
-0.029091714 0.20423213 -0.11339099 -0.08613831 0.17220953 0.7486039 -0.051737476 -0.57853514 -0.08456139 -0.050709043
0.73214215 0.5106678 -0.027245542 -0.04826583 0.2859875 0.009755754 0.08936673 -0.25496733 -0.04721756 -0.2073788
-0.13710114 -0.22683685 0.18257616 -0.033269037 -0.24737272 -0.15086688 -0.06266055 -0.29732734 -0.088724 0.84329814
-0.2564458 -0.1933987 -0.17782994 -0.03396499 -0.038606677 -0.10344815 -0.08694058 0.79001427 0.08570979 -0.4613415
-0.08379761 -0.11094827 -0.06425416 -0.081145555 -0.05288164 -0.047012914 -0.024511455 -0.26299495 -0.08658496 0.94217
0.3766853 0.5512791 -0.026426602 0.05434716 0.64863414 0.30626458 0.18420292 -0.04482571 -0.0072715813 -0.0055110115
-0.42178854 -0.6096475 -0.15025532 -0.16625154 -0.34679216 -0.29386458 -0.039796613 -0.14334077 -0.118144505 0.39686057
-0.12586002 -0.22047848 -0.010616448 -0.06910423 -0.17558433 -0.13219148 -0.02827096 0.8638297 -0.0017891623 0.367902
-0.27170694 -0.4367342 -0.12766579 -0.17914066 -0.4946574 -0.39463624 -0.24712235 -0.25832638 -0.14167531 -0.3724931
-0.28880402 -0.5130619 -0.10108628 -0.22196189 -0.45978078 -0.3120846 -0.13367847 -0.47505414 -0.15429685 -0.13313638
-0.19586131 -0.1617436 -0.0026929239 0.18459171 -0.19253081 -0.14475626 -0.14826748 0.7391947 0.24217342 -0.46511674
-0.37647718 -0.47292474 -0.19924225 -0.20272535 -0.42355332 -0.35489476 -0.23925437 0.20347293 -0.07541682 -0.37964845
-0.40394014 -0.48596993 -0.2694619 -0.20356427 -0.260761 -0.30443037 -0.18093047 0.11809164 -0.06899167 -0.52392954
-0.14430152 -0.28772768 0.014998773 -0.08699623 -0.22346908 -0.15273657 -0.018262839 0.5547826 -0.021171557 0.7118736
0.42278868 0.59602785 -0.0014626627 0.079390354 0.547062 0.29942054 0.21827126 -0.13138981 -0.0029956207 -0.07649634
0.47589824 0.56300575 -0.001984607 0.050448738 0.5380475 0.31461713 0.24156407 -0.08359616 -0.0049513704 -0.012299338
-0.1286866 -0.11023141 -0.008601617 0.12678374 -0.11021702 -0.10738809 -0.08491703 0.87078476 0.22039016 -0.3426541
0.50384504 0.6193199 -0.010762643 0.041307505 0.52748185 0.23595425 0.08205816 -0.113855496 -0.013843094 -0.08343382
-0.121497944 -0.0761112 -0.0138449175 0.17728174 -0.06179121 -0.058698107 -0.06778135 0.9030772 0.2373192 -0.25317606
-0.09052279 -0.13760275 -0.061356436 -0.09325866 -0.089163445 -0.06301324 -0.02626004 -0.23908255 -0.08463226 0.93993396
-0.18120821 -0.50420374 -0.07106971 -0.21648617 -0.3677896 -0.2761672 -0.040247593 -0.57960254 -0.15640293 -0.29574764
-0.027857216 -0.08642621 0.008554232 -0.012006865 -0.10943478 -0.07781551 -0.01400177 -0.24609381 -0.09132043 0.9510038
-0.053664837 -0.1621027 -0.09013366 -0.12799716 -0.02513929 -0.072361104 0.1926444 -0.35773215 -0.12006609 0.8723344
-0.22005756 -0.17512016 0.0057886415 0.38237998 -0.2158154 -0.14624287 -0.15243864 -0.088353045 0.20000468 -0.7972771
-0.22500762 -0.24295442 -0.119030386 -0.08865464 -0.20587173 -0.16813372 -0.13645197 0.8171542 0.013098971 -0.33336613
-0.2665114 -0.33560723 -0.302528 -0.27049556 -0.2249281 -0.21297401 -0.14446841 -0.5331605 -0.16139314 -0.47383428
-0.039635826 -0.04182818 0.012695473 0.25545 -0.021278 -0.052812867 -0.022202775 0.9149337 0.17853759 -0.2419697
-0.109261766 -0.1018406 -0.021551656 0.13436536 -0.053594507 -0.07177008 -0.041656546 0.96776193 0.08869689 -0.07059
-0.03228134 -0.2728027 -0.28650847 -0.4010395 -0.3120114 -0.35740826 -0.07960656 -0.2380927 -0.13823438 -0.611875
-0.2485759 -0.3045873 -0.14989537 -0.18625256 -0.25572282 -0.1440042 -0.10311351 -0.3891303 -0.13325787 0.7227269
-0.030931557 -0.033929523 -0.0032857088 -0.005413528 -0.0073430426 -0.009624204 0.026131673 0.959366 0.15125501 0.23186484
0.057173073 0.1804467 0.36110494 0.662948 0.22733529 -0.0030462795 -0.034724426 0.2892983 -0.0067706946 0.5075802
-0.13756803 -0.38536093 -0.017779652 -0.15997475 -0.3527026 -0.29535657 -0.12051341 -0.7316553 -0.20549724 -0.054380875
-0.3249174 -0.52969205 0.29412863 -0.02917612 -0.44253823 -0.32360524 -0.16048971 -0.41985014 -0.13965571 0.06630889
-0.36017156 -0.43066278 -0.30688336 -0.2298885 -0.23282664 -0.2130196 -0.13705277 0.3289115 -0.046811823 -0.5559106
-0.06219018 -0.0015485259 -0.0055436487 0.33928487 0.2521291 0.0853168 -0.0024991366 0.8734646 0.20625144 -0.06819567
-0.036437977 -0.09076956 0.02201174 -0.042797577 -0.0845601 -0.047556486 0.05479328 -0.20122172 -0.060008187 0.96520025
0.26261002 0.47704214 0.054876048 0.26516303 0.5375306 0.41162735 0.23532076 0.10574874 0.06578034 0.31761926
0.00046525322 0.100942545 0.24711166 0.24300699 0.049357407 0.06235449 0.08209891 0.853562 0.21819198 0.2836432
-0.09797325 -0.06054697 0.4085209 0.72381425 -0.06540091 -0.047026698 -0.055429466 0.14134379 0.2798052 -0.43371496
-0.32189575 -0.65055513 -0.016401721 -0.0826466 -0.46377054 -0.40967843 -0.07780794 -0.20037901 -0.14098115 -0.13061655
-0.14283343 -0.10995604 0.12431811 0.46607655 -0.088190846 -0.08483194 -0.06834496 0.67450285 0.27985242 -0.42650828
-0.23756401 -0.45034465 -0.13098635 -0.15814057 -0.3389534 -0.33899882 -0.1435567 -0.18554072 -0.09094411 -0.63676757
-0.037659258 -0.017897442 -0.02077255 -0.009271783 0.0793158 0.13844317 0.10062663 -0.053987935 -0.021644844 0.9791719
-0.15777837 -0.14121467 0.023857068 0.14116849 -0.12285319 -0.087282665 -0.046104737 0.93098015 0.18552987 -0.0931911
-0.17048097 -0.43606186 -0.0997592 -0.23199922 -0.40165 -0.30689994 -0.112214975 -0.57556635 -0.17215745 -0.29663703
-0.08982798 -0.055634197 -0.020334953 0.12725884 -0.01114148 -0.037079718 -0.041544065 0.972298 0.14399423 -0.053894702
-0.1512192 -0.21087107 -0.2195564 -0.207862 -0.035085548 0.14181934 0.115708314 -0.5072649 -0.14801095 0.7261525
0.16021946 -0.025555704 -0.021153241 -0.04962511 0.11051175 -0.00055766286 0.52326083 0.3120637 -0.0051799156 0.7663817
-0.07549264 -0.027839715 -0.057553533 0.019367771 0.11077605 -0.010990302 -0.02925605 0.9810653 0.11195295 -0.039595716
0.24698281 0.030526778 0.28751558 0.045284517 -0.025846316 0.08369609 0.0070602614 -0.18508042 -0.040585775 0.89984816
-0.25709873 -0.49283662 -0.12279367 -0.20974346 -0.47417703 -0.4088016 -0.18799073 -0.10225017 -0.10589205 -0.42775032
-0.18014914 -0.16551165 -0.14533855 -0.07264579 -0.06906671 -0.12667674 -0.08760256 0.9189477 -0.009672896 -0.20174634
-0.13469923 -0.08729383 -0.048677035 -0.0062510516 -0.122581825 -0.09466836 -0.13972497 0.7745779 0.24577232 -0.5176301
-0.22031136 -0.23421317 -0.030905962 -0.04196629 -0.25313774 -0.16728291 -0.11469004 0.88258624 0.05222062 -0.08360118
-0.11474417 -0.057655346 -0.012583273 0.14891046 -0.033888713 -0.018010769 -0.048555236 0.9340129 0.15155141 0.24899496
-0.13752301 -0.097027265 -0.0793534 -0.024489544 -0.06383266 -0.06431959 -0.05199941 0.97376937 0.06312202 -0.040616505
-0.039468583 -0.031370733 0.20781767 0.42243308 0.029259743 0.032867424 0.032454506 0.81246006 0.13082588 0.30923086
0.043181445 0.39691338 0.02989466 0.22423375 0.4007292 0.39716643 0.06265391 0.0058205635 0.0397997 0.6823138
-0.07906537 -0.006819062 -0.048036195 0.032231547 0.2091379 0.058175366 -0.02978546 0.8009472 0.074590676 0.54338336
-0.11144141 -0.1072583 -0.03068284 -0.015017623 -0.08646547 -0.07754034 -0.047598068 0.9749463 0.090431355 -0.021376109
-0.15830946 -0.4872036 -0.107528016 -0.2815367 -0.51217026 -0.45246854 -0.123569615 -0.058377564 -0.11262461 -0.38514635
-0.11159666 -0.14756946 -0.00366705 -0.024074677 -0.13218406 -0.08947501 -0.047788974 0.9293248 0.051300615 0.2667169
-0.03622274 -0.105536595 -0.021589907 -0.07638163 -0.080808714 -0.05636411 -0.00077020965 -0.15023993 -0.06090731 0.97224504
-0.01899488 0.0013055565 -0.036877885 -0.017629491 0.29276714 0.09596894 0.05084246 -0.031984113 -0.028285172 0.94796413
-0.15123595 -0.075682424 -0.04064264 0.10319878 -0.059640806 -0.027138488 -0.09449849 0.9603392 0.14770277 -0.042508766
-0.09836421 -0.09515877 0.0003623396 0.09971196 -0.041837376 -0.04525402 -0.026015354 0.9346238 0.109845 0.2850687
-0.066271335 -0.0026990778 -0.042411476 -0.0012632378 0.13968743 0.0136340745 -0.022659661 0.88216984 0.11791407 0.4259827
-0.035717793 -0.25097576 -0.024163261 -0.18132277 -0.48787063 -0.27681494 -0.17440285 -0.6233747 -0.15285751 -0.38111883
0.4206849 -0.17794587 -0.06410406 -0.04593124 -0.6499938 -0.30725595 -0.36140275 -0.07100127 -0.2005892 -0.30389658
-0.2965166 -0.4734817 -0.24020338 -0.2592637 -0.40920243 -0.36413994 0.43735668 -0.2148637 -0.08792952 -0.13324475
-0.26536652 -0.11984592 0.13253781 -0.07901043 -0.14402366 0.22271337 0.07762955 -0.32467774 -0.14231288 0.83028287
0.8352926 -0.11596614 -0.16666035 -0.16758646 -0.07907269 -0.040980093 0.33411238 -0.23399448 -0.12685513 -0.20632201
-0.22404216 -0.15388823 -0.28397995 -0.40945488 -0.28433186 -0.15125693 -0.3327727 -0.64365196 -0.1505045 -0.16255848
-0.12498718 -0.2449704 -0.030582605 -0.0778232 -0.026176777 -0.13531001 0.649114 0.53003013 -0.05488224 0.43941882
