-0.18274562 -0.07252181 0.07251929 0.5965522 -0.15122645 0.4501639 -0.1868731 -0.19927436 0.53822154 0.10188075
-0.16712251 -0.0806334 0.20721607 0.50615907 -0.123263955 0.5114587 -0.096020184 -0.16956517 0.5793905 0.12642498
-0.003377847 0.6755465 0.11577119 0.57613766 -0.123144 -0.024334544 -0.18537736 -0.119418114 0.36273733 -0.04824384
-0.14249142 -0.052256223 -0.02152552 0.6835762 -0.13854016 0.357434 -0.25769505 -0.17860755 0.49894777 0.122543916
-0.07810318 -0.027803205 0.2818259 0.55192775 -0.08929551 0.33139506 -0.0853556 -0.09847557 0.68861187 -0.010538414
-0.3286051 -0.24056089 0.32559276 -0.0014105567 -0.18891113 0.5257826 -0.030738512 -0.20750017 0.606169 -0.067525335
-0.31160724 -0.31377015 0.2015811 -0.15407968 -0.19788782 0.48192245 0.5983723 -0.26473975 0.18100087 -0.08813145
-0.15759318 -0.07599381 0.13363835 0.56625134 -0.12469235 0.4834241 -0.14719163 -0.17095733 0.5551029 0.15037131
-0.19879377 -0.11823785 0.24610148 0.4269373 -0.15321982 0.4799938 -0.09323312 -0.18465273 0.6377724 -0.015699737
-0.23803993 -0.12425134 0.114652015 0.3390132 -0.18074235 0.51375467 -0.10911057 -0.22549932 0.66339046 -0.019231876
-0.2737098 -0.11309185 -0.052173905 0.40741292 -0.16004719 0.55145705 -0.21014497 -0.21772388 0.54254335 0.16717578
-0.24014358 -0.21356516 0.15392953 0.20369798 -0.15145965 0.45403573 -0.08096143 -0.14396073 0.75459975 -0.075796165
-0.1084812 -0.07440026 -0.06692173 -0.26955253 -0.03105206 -0.051252346 0.933358 -0.057819184 -0.14723864 -0.076083995
-0.064688124 0.8925543 -0.059756275 0.03887247 -0.20803899 -0.1271875 -0.28306904 -0.18527114 -0.02999095 -0.13881855
-0.00011049917 0.7993915 -0.08321032 0.34255388 -0.1849116 -0.11896437 -0.35794422 -0.13455866 0.15293115 -0.13690604
-0.14948234 -0.23756443 -0.121260196 -0.28047445 -0.14922632 -0.06765067 0.82171977 -0.19179225 -0.2830581 -0.094198965
-0.055591095 0.13014926 0.26050445 0.58514786 0.12518176 0.24789327 -0.0071702986 0.32119152 0.6150086 0.10553569
-0.50221276 -0.20909363 -0.15132248 -0.44505408 -0.27120864 -0.06364507 0.4702149 -0.32772675 -0.15970832 -0.22687468
-0.36239323 -0.17327689 0.5149131 -0.094016716 -0.36063415 0.29844806 0.20182814 -0.43025005 0.29958975 -0.17303115
-0.36862677 -0.40909195 -0.14288297 -0.4084099 -0.27746457 -0.099302866 0.29627877 -0.38864708 -0.4036049 -0.14481622
0.18200214 0.565878 -0.02124394 0.69081616 0.1146919 -0.010328446 -0.13609603 0.22910877 0.15196475 0.24821757
-0.060038187 0.26596135 0.039248213 0.25985926 -0.2735521 -0.12530987 -0.42065364 -0.18104626 0.6881467 -0.28772616
-0.090618715 0.012924012 0.25166917 0.40674385 0.16916944 0.33925554 0.34257415 0.30168235 0.61851674 0.16792376
-0.09976544 0.7374653 0.015451453 0.4268212 -0.24472524 -0.09539022 -0.32219544 -0.21342239 0.16112974 -0.13951729
-0.0970238 -0.2773893 0.31354043 -0.23126924 -0.04226788 -0.020163737 0.8525249 -0.044246167 -0.13698025 -0.11016043
-0.40757957 -0.12103125 0.4373701 -0.13077529 -0.4737217 -0.08464216 -0.23326194 -0.48464814 -0.069622114 -0.2917479
0.40404454 0.5917557 -0.014233494 0.36032856 0.32417879 -0.03452404 -0.067335576 0.44658417 -0.017812023 0.21438624
0.42539504 0.4227667 -0.047361113 0.36842236 0.37331432 -0.04572314 -0.075241216 0.5136737 -0.06944981 0.29415938
-0.059700456 -0.23543637 -0.10506424 -0.39514005 0.1392499 -0.09708817 0.7995905 0.02780503 -0.31624597 -0.06989358
-0.11752627 -0.2529388 -0.011734597 -0.36029008 -0.12409457 -0.086492956 0.81149346 -0.16577643 -0.22665429 -0.1789045
-0.046131834 0.88066953 -0.08446924 0.18894558 -0.17424656 -0.12628318 -0.32003704 -0.14399226 -0.05118008 -0.08585715
0.32933253 0.3465318 -0.03398474 0.10062157 0.51464754 -0.014235433 0.16078246 0.61195284 -0.035283517 0.30582532
0.36230305 -0.03647797 -0.07947574 -0.03525 0.56000525 -0.0058888746 0.30164373 0.60670835 -0.065548465 0.28779456
-0.057815507 0.20476456 -0.015591645 -0.10438817 0.28561714 -0.021054303 0.8649973 0.32711852 -0.07291233 0.03201997
0.13195804 -0.01087162 -0.124189936 0.0015754986 0.5837042 0.057512786 -0.011558941 0.5199071 -0.079146214 0.58849275
-0.05652474 0.61833775 -0.015220611 -0.014764376 0.37470692 -0.02588294 0.3699927 0.43870792 -0.08025109 0.37032303
-0.08172702 0.45640144 0.2062533 0.22787882 0.24356803 0.18087527 0.61156833 0.28274938 0.09684165 0.36765027
-0.099569246 0.9734025 -0.00385737 0.045519803 -0.053308044 -0.041782547 -0.021262888 -0.032828532 0.18137302 -0.03837896
-0.008135955 0.91627043 -0.072165504 0.31941468 -0.028126828 -0.07155747 -0.21659872 -3.888236e-05 -0.017546372 -0.0037772
-0.07483569 0.9051952 -0.056635648 0.25496206 -0.13488878 -0.09452179 -0.25577858 -0.09661816 -0.0024347543 -0.070107095
-0.019770812 -0.10366303 -0.05599754 -0.2333932 0.41065744 -0.056564514 0.7707061 0.3497221 -0.207628 -0.0035920897
-0.14058697 -0.33841175 0.2346955 -0.32319593 -0.07786722 -0.053831644 0.7850985 -0.09004673 -0.2266804 -0.14608926
-0.062958054 0.8987262 -0.03485976 0.2555233 -0.16369778 -0.07712986 -0.19378938 -0.14604172 0.1472586 -0.09223033
0.36197123 -0.027917368 -0.073290996 -0.09381332 0.52891916 -0.04825029 0.26731288 0.70155174 -0.08973725 0.016049402
-0.14353886 -0.3387926 -0.26215324 -0.64215285 -0.09827446 -0.22421251 -0.006653853 -0.1304141 -0.52018327 -0.18963061
0.54575056 0.16065438 -0.050001074 0.5851131 -0.034540556 -0.06557494 -0.39508328 0.10410374 0.39417437 -0.060778543
-0.014641655 0.8636278 -0.06325912 0.3140792 -0.16241992 -0.106924936 -0.29228777 -0.1302619 0.016651131 -0.10389636
-0.21431574 0.3936914 -0.019951813 -0.09396987 0.022244386 0.017388228 0.87948835 0.12402073 -0.0020080106 -0.012856454
0.626921 -0.008835251 -0.11857776 -0.040135164 0.41296017 -0.048609156 -0.033068016 0.6449569 -0.033635233 -0.01128239
0.20956628 0.55862004 -0.025688505 0.13610776 0.45083556 -0.02654837 0.117878996 0.5674898 -0.041931763 0.28841716
0.22124392 0.43888336 0.16082387 -0.011343285 0.42943546 -0.020212319 0.5650912 0.4265639 -0.0564398 0.20771576
0.38828835 -0.30398533 -0.4498231 -0.45564407 0.14881837 -0.21100184 -0.20510806 -0.0044454946 -0.4856902 -0.047116436
-0.08465817 -0.07631707 0.1750403 0.15300581 -0.14195973 0.18848631 -0.09803977 -0.11321986 0.9157463 -0.12750411
-0.10632002 -0.118794896 -0.070817925 -0.21499403 0.38884187 -0.03522584 0.7797263 0.26867798 -0.22855908 0.19623196
0.6182412 0.3146197 -0.12669614 0.027907442 0.3380711 -0.08699669 -0.13849981 0.5944517 -0.08037324 0.032955606
-0.07295395 -0.3043074 -0.028372237 -0.38107678 -0.01924403 -0.094700344 0.81343025 -0.0011179589 -0.22938788 -0.1800635
0.74330676 -0.29577443 -0.17537923 -0.32186994 0.29914576 -0.098115794 0.10540906 0.24013315 -0.22805792 -0.07585654
-0.15906204 0.30270132 0.46636653 0.4802371 -0.045723964 0.23565833 -0.027854096 -0.034355428 0.61266357 -0.0027298857
0.1398294 -0.28345555 0.011963948 -0.12716408 -0.018394342 0.34953755 0.8269862 -0.031132964 0.26503018 -0.07845774
0.41217536 0.4359076 -0.08540108 0.01916937 0.45243263 -0.06328051 -0.059991814 0.4925618 -0.14497545 0.39560276
-0.25220093 -0.4499674 -0.40893292 -0.14448087 -0.14323214 -0.014461093 -0.58705646 -0.05444237 0.37399137 -0.19398403
0.09516721 0.027485833 -0.47196025 -0.099342324 -0.166808 -0.20500924 -0.7563574 -0.17687891 -0.28666228 -0.0466982
0.29358402 -0.043600414 -0.04453747 0.04020041 0.57019246 0.050000425 0.24180603 0.5319768 -0.07772713 0.4828844
-0.11908955 -0.29836383 -0.3619349 -0.29746583 -0.091707036 -0.01373196 -0.02011357 -0.19877124 -0.38372916 0.69393986
-0.111174256 0.8629034 -0.13304055 0.1846901 -0.018000305 -0.050094076 -0.207861 -0.051184274 -0.12390017 0.35667503
-0.3223466 0.16624542 -0.10975515 -0.068350375 -0.43450227 -0.1795248 -0.60064375 -0.4230051 -0.16256034 -0.25413334
-0.12993845 -0.31006578 -0.26965493 -0.35456344 0.6983724 -0.13020153 -0.018568398 -0.19247305 -0.22834373 -0.3071452
-0.05391066 -0.24956758 -0.11700328 -0.18367022 0.48662174 -0.10584429 0.33155093 0.7027733 -0.17584847 -0.06813481
0.86874795 -0.20839648 -0.17138845 -0.29690728 -0.0026268947 -0.1513877 -0.056307666 -0.07314795 -0.20835644 -0.09726943
0.48097017 -0.18501575 -0.1441646 -0.34851953 0.2666767 -0.054964546 0.39726865 0.56402177 -0.19362128 -0.06795582
-0.11873078 -0.42224416 -0.3430756 -0.20979783 0.64756817 -0.1119005 -0.008009604 0.4080431 -0.20544343 0.07252816
-0.112391874 -0.21885745 -0.51343304 -0.5838918 0.22102551 -0.1227481 -0.064444065 -0.15824786 -0.34024456 -0.35502845
0.820522 -0.22416015 -0.21273361 -0.278197 0.28754377 -0.1516671 -0.077677496 0.019980107 -0.20424028 -0.0039031988
-0.091202736 -0.101199135 0.13201512 -0.07321362 0.016291812 -0.0663915 0.33156082 0.9159676 -0.04731209 -0.053026196
-0.06758359 -0.13292196 -0.08282938 -0.13076238 -0.15348266 -0.037250187 0.87969655 -0.34370208 -0.13926794 -0.13216491
0.68397725 -0.12761335 -0.23629224 -0.13649128 -0.051857334 -0.04906985 -0.072740905 0.6222195 -0.1984547 -0.06705621
-0.25173047 -0.16432956 -0.13091856 0.1312709 -0.073343754 0.817983 0.1287268 -0.08882209 0.4159757 -0.05731234
-0.0801276 -0.13530229 -0.059359394 -0.20890504 -0.22126962 -0.014603713 0.835455 -0.3626925 -0.1327864 -0.17824511
-0.13490783 0.89313513 -0.12071323 -0.13069724 -0.08103514 -0.12569924 -0.00870425 0.3135311 -0.11793814 -0.13342461
-0.072431214 -0.16592781 -0.26763526 -0.43620843 -0.00782508 -0.1352645 -0.09016076 0.74105895 -0.3577407 -0.041007854
-0.306635 -0.4341542 -0.21859476 0.19441001 0.053832646 -0.4341105 -0.62944 -0.037938252 -0.20232326 -0.044582073
-0.20478679 -0.3000171 -0.23351288 -0.4365024 0.64896953 -0.076738715 0.07287627 -0.22707698 -0.16659173 -0.33363396
0.8454543 -0.16600637 -0.18971315 -0.22837305 -0.16932066 -0.13810948 -0.15308204 -0.21726774 -0.10415683 -0.20067868
-0.08489083 -0.1408922 0.018641634 -0.17908879 -0.0707747 -0.065587014 0.93794906 -0.09570213 -0.1292404 -0.16000491
-0.08537209 -0.18797965 -0.52613986 -0.6140134 -0.00826052 -0.15969568 -0.11156608 -0.13350013 -0.40505764 -0.289185
-0.10366989 -0.075384885 -0.04759525 0.6592172 -0.007109228 -0.03694573 -0.10116544 -0.034339588 0.47042048 0.55911756
-0.095728986 -0.15826671 -0.5452569 -0.58110094 -0.015244687 -0.18709286 -0.14191906 -0.14554445 -0.4127278 -0.28965446
0.062445298 -0.09252539 -0.06273124 -0.097996846 -0.10426064 -0.057151504 0.953395 -0.16372772 -0.12399516 -0.09338529
-0.19040331 -0.23712727 -0.066595525 0.16973433 -0.050831657 0.8618851 -0.02399731 -0.11136267 -0.036351047 0.33844325
-0.0779906 -0.30635622 -0.019853272 -0.30228797 -0.09567545 -0.1388793 0.80197877 -0.1611158 -0.25737545 -0.2109015
-0.39353418 -0.21869703 0.43067056 -0.301812 -0.27349582 -0.16649815 0.29744112 -0.51844996 -0.09451617 -0.22807495
0.79913926 -0.19235118 -0.25196356 -0.23925146 0.21321997 -0.19841342 -0.15919685 -0.09495535 -0.19697435 -0.21368402
-0.4796859 -0.33524734 -0.09121153 -0.061289568 -0.16894011 -0.037320547 -0.36538005 -0.4204016 -0.16037412 0.52871644
-0.4240093 -0.3275869 -0.12529118 -0.20494843 -0.18864204 -0.13309023 -0.41602856 -0.6177945 -0.21332245 0.040573645
-0.18625057 -0.1914476 -0.40954742 0.047982205 -0.122361496 -0.1924751 -0.5361806 -0.2082747 -0.4227965 0.44382796
-0.1729145 -0.26072153 -0.25603455 0.14794451 -0.044978995 -0.07427927 -0.38128516 -0.155571 -0.3108734 0.7354727
-0.04597509 -0.18598151 -0.08815331 -0.0521751 -0.03968907 -0.006484074 0.9449167 -0.16804643 -0.09630337 -0.1442393
0.42333645 -0.31792137 -0.18751428 -0.4507911 -0.2925311 -0.054671187 -0.2831206 -0.5147713 -0.11251295 -0.18699919
