-0.11288257 0.15517913 0.1949336 -0.19462904 -0.03816202 0.46319136 -0.08710642 0.64860314 0.19245337 0.45385352
-0.09611357 0.17754306 0.20117532 -0.16188829 -0.031724505 0.47687185 -0.07709036 0.64109993 0.18520434 0.46140584
-0.45468515 -0.17762955 -0.021960448 -0.7104162 -0.19610268 -0.027216347 -0.19513379 0.14646862 0.39708987 -0.011313895
-0.12909435 0.121457644 0.19846117 -0.20408085 -0.046552766 0.48019618 -0.09769327 0.6384198 0.19156349 0.4482978
-0.11062348 -0.026500987 0.1739547 -0.16763192 -0.045146473 0.45672548 -0.03589586 0.64502645 0.2285486 0.49847868
-0.10152028 0.3789321 0.17018086 -0.26961845 -0.0247605 0.32063574 -0.12080923 0.65350217 0.16353428 0.41548127
-0.11287542 0.1313677 0.19046102 -0.10298197 -0.04221553 0.5025804 -0.07766243 0.6226493 0.18981457 0.4888747
-0.10686625 0.13230513 0.20341109 -0.1712097 -0.037352264 0.4848437 -0.08143129 0.63979745 0.18671122 0.46161085
-0.07477729 0.11674536 0.20473346 -0.1824523 -0.021570474 0.4467984 -0.06395859 0.6594554 0.18125677 0.48337775
-0.12719806 0.10274389 0.18685558 -0.14193438 -0.048041217 0.4939793 -0.08688624 0.630292 0.19682908 0.47783002
-0.14880244 0.66512555 -0.009066791 -0.33192748 -0.03436659 -0.02856098 -0.10707651 0.49641833 0.3348167 0.23067781
-0.12481934 0.17659834 0.15885016 -0.36574522 -0.03438595 0.2867709 -0.10917981 0.690766 0.21968286 0.41649944
-0.13667946 0.96432644 -0.021607015 0.07246563 -0.047213838 -0.043603495 -0.1564021 0.08529649 0.08459927 0.051483363
-0.22142214 -0.09654923 0.26939088 -0.19235988 -0.10680223 0.7539863 -0.1733737 0.3495002 0.057942253 0.31081918
-0.4643056 -0.30132052 0.13995792 -0.11306843 -0.25205168 0.7056615 -0.30563265 -0.06825687 -0.03981807 -0.010466499
-0.07685809 0.8343477 -0.097788446 -0.3920074 0.028388847 -0.27277464 -0.07511358 -0.07632011 0.1886178 -0.11166426
-0.27903444 -0.012052254 0.04167539 -0.22946922 -0.11650082 0.29147533 -0.10379833 0.59954435 0.42620865 0.4660365
-0.2211914 0.85731727 -0.04733434 -0.24991526 -0.06897198 -0.11461185 -0.17409644 0.18177621 0.2641504 0.019045996
-0.111525774 0.1285747 0.20351155 -0.18232644 -0.03829324 0.48394585 -0.09345569 0.6389617 0.18156117 0.45905378
0.13198681 -0.25457895 -0.050740693 0.8165601 -0.03242242 -0.14524503 -0.09725558 -0.35433206 -0.16006647 -0.25621384
-0.5148003 -0.26801556 -0.11750417 -0.56166285 -0.24451046 -0.2325478 -0.0677931 -0.035791513 0.4599946 -0.05039837
-0.23690875 -0.12974754 0.26213777 0.2501146 -0.13269466 0.8418576 -0.22364359 -0.0068809534 -0.05160041 0.1292588
-0.23482788 0.6943655 -0.014083869 -0.22135447 -0.08082317 -0.012082017 -0.15900297 0.4297635 0.3547124 0.2665305
-0.36112604 -0.19600031 0.22856703 -0.12969466 -0.19038111 0.7877761 -0.2637608 0.059791017 -0.026168251 0.17732067
0.62239826 0.56559366 0.11351222 -0.104584955 0.39702994 0.029302511 0.04078532 0.29551 0.024089681 0.14436008
0.47353008 0.5948398 0.08201626 -0.26011413 0.37106338 -0.029183159 -0.017169451 0.414053 0.099193126 0.16563605
-0.5391581 -0.30814648 -0.1220659 -0.53510433 -0.26140186 -0.24069457 -0.08256328 -0.057335198 0.41641977 -0.0578223
-0.52237904 -0.36593845 -0.12983021 -0.51459795 -0.2619698 -0.25558504 -0.02717139 -0.07510492 0.40772355 -0.07051759
0.30858517 -0.0922338 -0.0012567205 0.93466824 0.031839892 -0.0057821167 0.03567196 -0.109456345 -0.06251345 -0.066733904
0.43592265 -0.02323097 -0.0069211903 0.8780107 0.13814256 -0.02408525 0.010941367 -0.10154926 -0.06035192 -0.06887256
-0.5573683 -0.3923541 -0.10835164 -0.52195835 -0.2815365 -0.19913323 -0.08906485 -0.070311576 0.34040737 -0.0595644
-0.33274224 0.8123956 -0.047238324 -0.17564213 -0.1280952 -0.077711985 -0.2198262 0.1892864 0.28536585 0.090445235
0.22803308 0.15346344 0.058324225 0.9293013 0.04778503 0.12813099 -0.10288673 -0.11900229 -0.080546394 -0.08666722
-0.23026967 0.72553337 -0.06014053 -0.35566193 -0.06825716 -0.13039273 -0.09706518 0.25740892 0.4394566 -0.00071231305
-0.24450609 0.8061204 -0.03921506 0.40622333 -0.10889839 -0.05767447 -0.29431885 -0.10234293 -0.06984583 -0.08167147
-0.1823094 0.78366756 -0.11418452 -0.41584328 -0.045199856 -0.2895006 -0.14500648 -0.13468422 0.12598324 -0.16053832
-0.21925572 0.74480724 -0.026627464 -0.145733 -0.07728304 -0.036565475 -0.10944615 0.39004844 0.3822394 0.24022727
-0.43666938 -0.36723033 -0.15857637 -0.50945634 -0.21682338 -0.3416675 0.13322012 -0.1060861 0.43534312 -0.08657331
-0.48230252 -0.14980316 -0.0029149004 -0.32741538 -0.22986403 0.29665944 -0.20247433 0.37627637 0.45109838 0.33289668
-0.5952965 -0.48634088 -0.1016788 -0.3624777 -0.31590596 -0.1537669 -0.03578778 -0.07742958 0.36753428 -0.039591707
0.31725696 0.54629606 -0.036983997 0.7278377 0.18005197 -0.11872068 -0.05776044 -0.10587202 -0.053327743 -0.076751135
0.55269897 0.35924813 -0.024746679 0.6324599 0.2744428 -0.07496029 0.28553224 -0.038319346 -0.010198203 -0.02842186
-0.23186108 -0.177336 0.21703152 0.48424986 -0.13811098 0.75248915 -0.19220915 -0.028867112 -0.05907693 0.08129824
0.672026 -0.16027975 -0.058625035 -0.4109345 0.35736108 -0.16329828 0.043653883 -0.30734837 -0.11510241 -0.29393357
0.42287868 -0.08228839 -0.0066372887 0.8793062 0.09941818 -0.023697047 0.046492204 -0.12861069 -0.070633344 -0.0839164
-0.53545743 -0.24825057 -0.08634659 -0.6594585 -0.2519781 -0.18814169 -0.26137328 -0.09501817 0.14481811 -0.11003914
-0.51146835 -0.37515995 -0.120671004 -0.5303396 -0.25668862 -0.23524705 -0.028773742 -0.06798252 0.41379693 -0.06265706
-0.3374592 0.7138195 -0.18321213 -0.10911905 -0.14094567 -0.41869837 -0.2016739 -0.22419362 0.12020706 -0.17478664
0.5802276 -0.09085073 -0.005908993 0.76167023 0.18158129 -0.03355786 0.029665293 -0.14790066 -0.08933276 -0.10036328
-0.47646245 0.44749025 -0.06316315 -0.26586694 -0.19827068 -0.08817005 -0.20242342 0.29687294 0.5374101 0.18181749
-0.05266274 0.34455812 -0.0116444435 0.9325402 -0.026710205 -0.002621378 -0.062324498 -0.057069585 -0.010585047 -0.02767461
0.784435 -0.044088874 -0.053263444 0.32042447 0.32890195 -0.18077236 0.29592186 -0.1629927 -0.07304112 -0.12993364
-0.35040486 -0.022929775 -0.06204361 -0.12943424 -0.16134849 -0.07763383 0.005035006 0.54187924 0.58048505 0.43977982
-0.2109737 0.88852257 -0.028474974 -0.11584571 -0.07132456 -0.053983632 -0.17582247 0.25542614 0.17084219 0.13580193
-0.194479 -0.38554764 -0.02489036 0.8033873 -0.14893495 -0.037214816 -0.18127303 -0.26246646 -0.1388218 -0.15130663
-0.03809439 0.97573084 -0.036016766 0.14129792 0.0073079523 -0.10157069 -0.113348745 -0.03264822 0.009761364 -0.029269293
0.49379587 -0.08559684 -0.008407098 0.8256348 0.13785921 -0.042408757 -0.022113087 -0.16141942 -0.09125888 -0.10685671
-0.23891234 -0.15382239 -0.0042382423 -0.56637055 -0.097148046 -0.00027214762 -0.043725926 0.5775919 0.3910807 0.31711143
0.18034792 0.8724051 -0.07590279 0.3539955 0.17802466 -0.19934358 0.033451427 -0.035335824 -0.010561057 -0.037416752
-0.068305716 -0.061260205 -0.017388744 0.93601763 -0.05396244 -0.05206103 -0.20205213 -0.19826676 -0.11822782 -0.12415898
0.34086013 -0.20140758 -0.106769316 -0.106243424 0.07635502 -0.2833794 0.8192671 -0.18758412 -0.047244888 -0.16065337
-0.48714235 -0.4585535 -0.15655755 -0.50300056 -0.25704756 -0.35968515 -0.1322592 -0.18697622 -0.021909783 -0.16285512
0.28903514 0.17514254 -0.013948114 0.9289984 0.09939682 -0.036844842 -0.011271325 -0.08211772 -0.04182702 -0.051904604
-0.44862193 -0.23653221 -0.20670156 -0.4599744 -0.21239635 -0.4601956 0.15855227 -0.11223999 0.42665365 -0.108750716
-0.48174754 -0.61120987 0.06574506 -0.46083137 -0.26449525 0.07742646 -0.29923528 -0.10120295 -0.036969285 -0.023465404
0.5890301 0.5416695 -0.00012770951 -0.2540034 0.41213876 -0.071677655 0.08429809 0.3221493 0.056334104 0.077872254
0.14654832 -0.062350616 0.16394131 0.8646192 -0.0036315909 0.43611348 -0.042642497 -0.06114504 -0.06133028 -0.025811808
-0.047319964 0.88881856 -0.09475642 -0.2779098 0.07308602 -0.27113217 -0.11530894 -0.10883662 -0.015875982 -0.1315366
0.70767593 -0.110005684 -0.063812815 0.44106677 0.23599578 -0.1816979 0.3189251 -0.23374192 -0.09535322 -0.18529081
-0.04093184 -0.014978803 0.036530707 0.9720401 -0.032987315 0.11183245 -0.1458203 -0.09426617 -0.07630141 -0.048347913
-0.14921558 0.6720407 -0.09327639 0.6675078 -0.062043298 -0.21026735 -0.11501218 -0.08062199 -0.02852478 -0.056795284
0.35039794 -0.074931026 -0.0084155295 0.9121344 0.05622402 -0.02968765 -0.016920075 -0.14055483 -0.07966184 -0.09547889
-0.35712576 -0.18003118 0.1637709 -0.2586639 -0.17443916 0.54340947 -0.19635704 0.4440089 0.16745614 0.3960525
-0.05222393 0.5071357 -0.021409305 0.8507934 -0.022829479 -0.022860399 -0.094649225 -0.056009065 -0.042072248 -0.029475959
0.35756722 0.07107454 -0.012360686 0.91659427 0.119380265 -0.03578972 -0.0014176582 -0.08101971 -0.04440094 -0.052210636
0.075356066 -0.0900142 0.0009083756 0.97255236 -0.016628407 0.014023482 -0.0726838 -0.13738428 -0.09147371 -0.085801594
-0.10954194 0.2855816 0.13787805 -0.12743539 -0.035948694 0.38238987 -0.058578346 0.64502156 0.2738404 0.47875512
-0.03926719 0.89606684 -0.025161255 -0.05337514 0.044513118 -0.06856003 -0.04930813 0.30870664 0.22988088 0.18649967
-0.26974908 -0.061692573 0.1648312 -0.086698584 -0.12900946 0.6381514 -0.13024192 0.4422462 0.25763324 0.43121147
-0.4372194 -0.30178195 -0.14546424 -0.6784489 -0.2032311 -0.35790542 -0.13026924 -0.13305037 0.10275196 -0.14725699
-0.04055718 0.108093046 0.30927345 -0.2078225 -0.0052321083 0.6641849 -0.108329356 0.52404326 0.020097118 0.3462676
0.13706261 -0.011548405 0.06456954 0.9621859 0.006489614 0.18088461 -0.06975078 -0.08458314 -0.06542187 -0.045262624
0.6640705 -0.062905 -0.008912489 0.66899127 0.2450913 -0.052138448 -0.0091299815 -0.15601955 -0.09162642 -0.10869988
-0.18177854 0.8059726 -0.08782627 -0.20460111 -0.053171378 -0.28861228 -0.35996377 -0.16145186 -0.075008646 -0.14282371
0.298849 -0.13038197 -0.0010798061 0.9146572 -0.00017099366 -0.014071681 -0.043696746 -0.17412288 -0.1036935 -0.117950015
-0.035396513 0.1911933 0.2530049 -0.22964485 0.0063304775 0.5040531 -0.069250725 0.6246723 0.13505188 0.42200023
0.25517574 -0.39457908 -0.15929532 -0.054557767 -0.020464418 -0.45147318 0.5990174 -0.33098364 -0.12910153 -0.24810322
0.35727257 0.18721421 -0.0024059946 0.89911413 0.14181554 -0.00035764396 0.07299149 -0.047552772 -0.022971408 -0.025818516
0.30582744 -0.007348542 -0.10954799 -0.4117962 0.26668692 -0.32782117 0.6903055 -0.06660721 0.2352878 -0.09965728
-0.0033295183 0.8565268 -0.08177381 -0.32866648 0.17902362 -0.28352603 -0.13013493 -0.09393384 -0.012384829 -0.11529841
-0.2608132 -0.07244032 -0.23250307 -0.17446667 -0.102041505 -0.5513832 0.6781185 -0.015175607 0.25919014 -0.023283176
0.54490924 -0.014451584 -0.007483184 0.72098285 0.19658028 -0.052862495 -0.14760545 -0.24529272 -0.15870437 -0.18550321
0.40980724 -0.3469395 -0.07708554 0.5629357 -0.006210771 -0.21329299 0.48187965 -0.25340107 -0.1293648 -0.17367877
-0.19625682 0.68604785 -0.070761226 -0.07692452 -0.083749935 -0.22485393 -0.5053419 -0.27723643 -0.19977264 -0.22401828
-0.05349923 -0.050617743 0.1622998 0.8229912 -0.042221013 0.52608085 -0.092676155 -0.039898243 -0.04625829 -0.007457084
-0.03566187 -0.060702037 0.15334582 0.8455174 -0.03437288 0.49611247 -0.0714002 -0.04377974 -0.04682032 -0.01063485
0.3126134 0.58357537 -0.016814146 0.7241008 0.18381304 -0.043950833 -0.009929134 -0.021958796 -0.023408478 -0.016136529
0.82268304 -0.029567467 -0.00993517 -0.15149884 0.41359583 -0.1103142 -0.18434268 -0.17694837 -0.14937037 -0.16861951
-0.38868874 0.22190294 0.19654308 -0.3211815 -0.16322476 0.59504616 -0.4171325 0.23946989 0.046924077 0.20886345
-0.028195526 0.8104237 -0.037690535 -0.50713336 0.17810488 -0.13612458 -0.09955097 -0.002735922 0.13645287 -0.0708882
-0.16003717 -0.09144687 0.36749166 -0.07260011 -0.08772759 0.8309284 -0.24212626 0.15396804 -0.039775413 0.20893352
-0.091772206 0.17674585 0.2447708 -0.20437925 -0.027988657 0.53820896 -0.109605104 0.6133866 0.10822688 0.41016278
0.38837343 0.7120051 -0.051070545 0.47389486 0.23201144 -0.14650045 -0.05504233 -0.1360068 -0.06278667 -0.11945286
-0.040893316 0.42473197 0.21374378 -0.03454746 -0.007603141 0.53875226 -0.061199438 0.5391159 0.14411771 0.40691224
0.4032226 0.044992145 -0.012839529 0.87818944 0.15538393 -0.035021767 0.18821459 -0.04210164 -0.032782096 -0.01905543
0.82046807 -0.041483633 -0.045736503 0.18783662 0.3492636 -0.13351752 0.30371076 -0.17061402 -0.074857764 -0.14481638
-0.08756325 0.3957036 0.29099494 -0.15791306 -0.025867976 0.7486811 -0.18142858 0.31409273 0.0006246788 0.18268308
0.24683927 0.04245459 0.037440058 0.9518409 0.06306623 0.14837074 0.040617667 -0.03270517 -0.0316919 -0.012251218
-0.22487138 0.36032602 0.21524656 -0.62398374 -0.06534425 0.39787257 -0.45413294 -0.03552334 -0.07749437 -0.088513285
0.41312853 0.13924085 0.06397539 0.8538853 0.15752067 0.16620141 0.15403183 -0.0136281485 -0.019343896 -0.0015234104
0.34552878 0.8624289 -0.06630818 0.00877844 0.23776853 -0.20032822 -0.053194836 -0.125805 -0.049520604 -0.12074067
0.37416616 0.34120187 -0.0023735703 0.84136194 0.17790903 -0.012370805 -0.023292577 -0.040922374 -0.034651116 -0.021513822
-0.7573338 -0.040746342 -0.0851581 -0.163082 -0.37788156 -0.075539306 -0.47564915 -0.08919479 -0.05888125 -0.06908014
0.2384159 -0.12278519 -0.12444691 0.52402437 0.01135279 -0.3006913 0.693794 -0.1934931 -0.07503518 -0.15175311
-0.030475913 0.845625 0.02584765 0.47610316 -0.0007164744 0.16952746 -0.08455212 0.0853192 0.09857357 0.061335128
-0.07795772 -0.053411208 0.074564286 0.7864588 -0.056564897 0.5094942 0.18306735 0.11880778 0.1375778 0.19404145
0.2163538 -0.07747824 0.0521583 0.9410182 0.008022726 0.2199694 0.019079626 -0.07765534 -0.052790806 -0.036334228
-0.08215921 -0.39720124 -0.042086635 -0.20341615 -0.034360413 -0.14120577 -0.5753021 -0.3202837 -0.46091154 -0.35386184
0.5816038 -0.15936604 -0.23017962 -0.16573492 0.19529732 -0.22344413 0.5551837 -0.12353399 0.10637068 -0.3647138
-0.01360286 -0.21646523 -0.0919623 -0.54293317 -0.009662212 -0.6606577 -0.24276547 -0.2560758 0.038643442 -0.2952274
-0.1775945 -0.24781103 -0.12386029 -0.23209469 -0.19567409 -0.50004077 -0.634642 -0.23654862 -0.2681336 -0.13744082
-0.15888181 -0.15064424 -0.16308473 -0.088761166 -0.07044691 0.14492112 -0.7465559 -0.14840613 -0.47804436 -0.2893547
-0.011972526 -0.57432675 -0.17003347 -0.08308244 -0.078952715 -0.40616372 0.5341331 -0.34325543 -0.23985936 -0.048309885
0.3549234 -0.55677325 -0.38101548 -0.03534329 0.033157058 -0.1355971 0.57727116 -0.1922101 -0.15252037 -0.068379916
-0.08646987 -0.3667315 -0.07541776 0.7163955 -0.0906719 -0.332566 -0.122390024 -0.32446414 -0.27773267 -0.15135162
-0.23321268 -0.15630904 -0.057346426 0.7004467 0.09850038 -0.018986719 -0.31352738 -0.3832863 -0.2956819 -0.2908037
-0.053371873 -0.33409312 -0.02359072 -0.13276772 -0.034297742 -0.07392271 -0.5954541 -0.36519995 -0.5090165 -0.33715606
-0.13904837 -0.33708686 -0.089800805 -0.09122646 -0.050422147 -0.14490895 -0.6643632 -0.22443041 -0.47014078 -0.3381281
-0.09344706 -0.4036818 -0.03719625 -0.12592073 -0.036157046 -0.18222032 -0.5936781 -0.28879544 -0.46684328 -0.35036868
-0.06912623 -0.4026085 -0.049094204 -0.14156716 -0.022703653 -0.1500571 -0.5558951 -0.3080407 -0.49756405 -0.36900595
-0.05132871 -0.4362425 -0.20464481 -0.26890022 -0.1889137 -0.45567483 0.620161 -0.06292492 -0.12594877 0.21241653
