-0.324806 -0.06195095 -0.30740616 -0.3628123 -0.15511796 -0.02773045 0.39402494 0.64629835 0.24538517 -0.08081022
-0.04956134 0.5446687 -0.24792165 -0.012049367 -0.0013186631 -0.061604485 0.03308381 0.7933144 -0.022357259 -0.06730959
-0.050037343 -0.28076124 -0.16952877 0.3922485 -0.00764405 -0.40936202 -0.3523792 -0.5474767 -0.3071392 -0.22405016
-0.02942628 0.7088679 -0.3938393 -0.021987185 -0.005970218 -0.19596818 -0.02986021 0.51677436 -0.0715866 -0.17186137
-0.3113061 -0.14830716 -0.49297723 -0.30863878 -0.16863276 -0.09608977 0.54131806 0.40355685 0.1897507 -0.115109116
-0.2983129 -0.07158801 -0.19445354 -0.26941767 -0.106800504 0.40730336 0.17396322 0.7488512 0.025226392 0.16280839
-0.60012335 -0.45730972 -0.10003586 -0.4930101 -0.23398918 -0.030702053 -0.19969937 -0.2804316 -0.057864465 -0.00948947
-0.005622261 0.61037415 -0.21208091 0.13213666 0.099284336 -0.05591052 -0.0006707712 0.7390563 -0.054372266 -0.053189777
-0.27125737 -0.123643644 -0.04563741 -0.23696785 -0.09789411 0.6559956 0.1510505 0.4350858 0.17627788 0.41205814
-0.18264624 -0.028834438 -0.4940906 -0.43064132 -0.18739958 -0.2604802 0.576459 -0.08880627 0.14508758 -0.26836705
0.0027953247 -0.1911841 -0.10094756 0.6266073 0.12870152 -0.34649062 -0.34006488 -0.45589915 -0.25641453 -0.18643321
-0.26829618 -0.093003705 0.19169249 -0.27081457 -0.0781111 0.71562636 -0.033971794 0.21242073 -0.0650281 0.49046215
-0.056566164 -0.11736475 0.6456892 -0.076033875 -0.029017296 0.5592447 0.16249122 -0.06737058 0.11196837 0.45083737
0.3338077 -0.061942615 -0.27671033 -0.12541658 -0.085749246 -0.22994551 0.8174553 -0.14525595 0.05585572 -0.19939269
-0.20814136 -0.004081142 -0.2989351 -0.26656657 -0.12231728 -0.07353652 0.49781162 0.7004359 0.16108301 -0.10722388
-0.20170629 -0.26682124 0.09982092 0.5057104 0.21287322 -0.17119695 -0.5115996 -0.42545196 -0.32285014 -0.028543258
-0.16845642 -0.06813617 0.36754665 -0.13326134 -0.038850013 0.63576525 0.0006477937 0.40610626 -0.065196075 0.4891326
-0.2306845 -0.27936304 -0.17268388 0.39740092 0.095446855 -0.2866114 -0.50211823 -0.4118424 -0.39310116 -0.11606883
0.30663013 -0.09999909 -0.15354787 -0.13120413 -0.083522104 -0.14339519 0.8853829 -0.15178454 0.070598796 -0.12539154
-0.3333774 -0.17138782 0.18648654 -0.32194895 -0.13125417 0.680076 0.10830125 0.18587238 0.18838625 0.39944857
-0.14205703 -0.11888591 0.56489754 -0.09820868 -0.031789187 0.5910956 -0.04487745 -0.021231541 -0.04077565 0.5314129
0.54903716 0.58093274 -0.08398097 0.52201426 0.2506374 -0.10073633 -0.04174976 0.013776205 -0.032663763 -0.07454486
-0.45464954 -0.39527464 -0.4272986 -0.24136719 -0.15418345 -0.30928737 -0.29477513 -0.32363474 -0.21437366 -0.19796553
0.5541095 0.40727034 -0.16325738 0.5923169 0.2365272 -0.2095608 -0.10641663 -0.09695245 -0.08802806 -0.14583252
-0.2972098 -0.16390657 -0.60000134 -0.341253 -0.21319352 -0.334297 0.25450414 -0.049624246 0.30326658 -0.30320662
-0.2354566 -0.23501857 -0.1225452 -0.2694515 -0.16996254 -0.05536857 0.29149306 -0.092077896 0.81970924 -0.06619801
-0.37321573 -0.33788866 -0.18294072 -0.20509924 -0.08524945 -0.26587802 -0.4890107 -0.49362972 -0.3046428 -0.13206328
-0.25005028 -0.4083526 -0.08407542 -0.16861592 -0.07048702 -0.2845997 -0.3858669 -0.60233563 -0.33994633 -0.14829919
-0.06825312 0.50085497 -0.681574 -0.02300467 -0.015544244 -0.38016984 -0.11644276 -0.008340226 -0.16541772 -0.30602482
-0.058891766 -0.033722214 0.6120459 -0.02835855 0.025506565 0.60029584 -0.02687776 0.08548871 -0.013820881 0.50076205
0.50163436 0.29690436 -0.060744 0.70513606 0.33290112 -0.11257683 -0.12364977 -0.10049104 -0.08055056 -0.06269992
-0.13023403 -0.2368068 -0.25928718 0.21868633 -0.015995566 -0.4581169 -0.4304064 -0.5011246 -0.29889458 -0.27580357
0.45901027 0.773658 0.0812159 -0.024366576 0.11912756 -0.02232229 0.21130094 0.345796 -0.060103275 -0.032374047
-0.19380778 -0.104086354 -0.02322627 -0.23705624 -0.10060483 0.48134774 0.60058194 0.48622608 0.047648713 0.23166256
0.5148362 0.5841121 -0.10414555 0.5306765 0.2708894 -0.11698569 -0.06229128 -0.006890851 -0.056116186 -0.08455456
0.10048491 -0.074192986 0.7676723 0.21797946 0.098900266 0.4185086 0.00055721967 -0.047677256 -0.008733899 0.4003524
-0.08451619 -0.33960283 0.12916361 0.45007953 -0.00016260239 -0.3138022 -0.37666073 -0.552139 -0.30562305 -0.14022873
0.41045403 -0.06188058 0.4318098 0.6872814 0.26423496 -0.10565764 -0.16481829 -0.21386951 -0.11853424 -0.030716958
0.46162644 0.48208386 -0.15085106 0.61622334 0.2976983 -0.15930797 -0.11297965 -0.05271515 -0.10677329 -0.1051752
0.51524216 0.39172748 -0.04040849 0.66830057 0.31802288 -0.10042919 -0.099851474 -0.058142673 -0.06959355 -0.058290955
-0.072787166 -0.057751857 0.6993305 -0.05759701 -0.012720497 0.5448756 -0.019616015 -0.0064202677 -0.0004725652 0.4488972
0.69088566 0.278178 -0.036004927 0.616902 0.23641118 -0.054063912 0.0427057 -0.03193878 0.023919692 -0.03464671
0.48056877 0.5390684 -0.06868118 0.59728634 0.30903724 -0.08993076 -0.07893062 -0.009088926 -0.06048549 -0.058549892
0.60259527 0.36424807 0.06155495 0.6191628 0.317934 -0.057717297 -0.07658813 -0.052825663 -0.05796231 -0.024928816
0.6043828 0.29094067 -0.06543004 0.65385145 0.27436987 -0.13684812 -0.06718919 -0.082193315 -0.06972196 -0.09019195
0.60584295 0.37191555 -0.037862223 0.60363066 0.29464507 -0.120333314 -0.09343124 -0.08658183 -0.077225454 -0.07310462
-0.14340053 -0.4059348 -0.09427973 -0.07965605 -0.04180643 -0.3362281 -0.35229957 -0.64488345 -0.3312087 -0.1869052
0.6532184 -0.0361108 0.10478379 0.6336854 0.23257038 -0.16176245 -0.10357901 -0.22365054 -0.101454884 -0.090374365
0.7662223 -0.044734694 0.1508623 0.5018729 0.17700815 -0.15588695 -0.065829106 -0.24680927 -0.08783844 -0.08757771
-0.2589176 -0.37765202 -0.10335974 0.00871586 -0.02643326 -0.30633208 -0.49875376 -0.5440037 -0.35151064 -0.1295694
0.5828237 0.1921392 -0.1598456 0.6751063 0.19506003 -0.22593221 -0.081349924 -0.13246346 -0.06173022 -0.1581489
-0.0422572 -0.11826697 0.3405463 -0.05733266 -0.035239752 0.58558214 0.4781744 -0.018159138 0.32625517 0.43057784
-0.18269973 -0.11505634 0.52108246 -0.09934074 -0.025188832 0.6048244 -0.10327785 -0.03642092 -0.045905594 0.5398519
-0.28909692 -0.485514 0.4742647 -0.037276167 -0.07187094 -0.17382455 -0.3498693 -0.5165704 -0.1640435 -0.053278092
0.5492446 0.42023024 0.087475814 0.60555065 0.3368212 -0.08651162 -0.11622588 -0.08706794 -0.052363984 -0.051275093
0.37411222 -0.20374775 0.7056063 0.2897634 0.014151215 -0.16369575 -0.14344129 -0.4054939 -0.14475323 -0.06109884
0.5997603 0.3947459 -0.03200213 0.6270557 0.27919978 -0.07931875 -0.037749793 -0.025166797 -0.035451252 -0.051779356
-0.026441805 -0.07460529 0.838952 0.089250274 0.08693845 0.30879012 -0.09387394 -0.0908992 -0.06643553 0.39690113
-0.27218837 -0.43057373 -0.048143025 -0.27774024 -0.17184322 0.25259423 0.56584615 -0.20564784 0.4200984 0.16962563
-0.05172888 -0.07268148 0.7118055 -0.03666029 -0.017428495 0.5122529 0.026561253 -0.01565395 0.20749715 0.42109156
-0.19866046 -0.22126606 0.75128144 -0.10152859 -0.042537846 0.31978473 -0.15950643 -0.1820694 -0.06462582 0.412315
0.6722106 0.41410202 -0.08859549 0.52187806 0.22993177 -0.1447572 -0.05624835 -0.08233425 -0.04988521 -0.10095516
0.61968005 0.28977412 -0.10114759 0.6662963 0.23844253 -0.11204513 -0.015561435 -0.03438903 -0.028849961 -0.078612216
-0.11087509 -0.21137345 -0.29769376 0.106258616 -0.013114651 -0.4625958 -0.42969975 -0.5241252 -0.29755446 -0.28471187
-0.00796284 0.015936693 0.6893723 0.18903665 0.16932918 0.5009357 -0.046108857 0.087407134 -0.021324765 0.44596413
-0.06649502 -0.17334995 0.7156587 -0.12683219 -0.049672984 0.4643486 0.14987125 -0.13879132 -0.016067443 0.4209571
0.64805895 0.32916418 -0.021527085 0.62234944 0.26943874 -0.07593612 -0.02371799 -0.039136264 -0.033156067 -0.04828477
-0.19113682 -0.22741343 0.66707575 -0.066929154 0.09774647 -0.07347568 -0.40785983 -0.37672693 -0.35914266 0.10035396
-0.30664638 0.31380212 -0.4416093 -0.2353057 -0.10166229 -0.2054949 -0.11211311 0.45244047 0.48481664 -0.22853096
-0.004013569 -0.0448646 0.8547477 0.015816828 0.081568144 0.3364675 -0.05608982 -0.06838248 -0.05177538 0.36981174
-0.28794685 -0.22664018 -0.17563018 -0.21281788 -0.14045559 0.10241661 0.39623007 -0.0019539006 0.7759497 -0.016318664
0.66270894 0.12204582 -0.018133352 0.5058013 0.1581442 -0.014348259 0.42681253 -0.012889954 0.28615588 -0.017950589
-0.23284899 -0.15893184 0.71923345 -0.20258068 -0.04615257 0.31454003 -0.19731295 -0.17039138 -0.16637094 0.40678737
-0.22750528 -0.27979693 -0.33162597 -0.33492714 -0.18712898 -0.17598926 0.45586216 -0.25654614 0.5269882 -0.17455901
0.70865375 -0.028411549 0.22336476 0.6219982 0.20016932 -0.055868525 0.017448727 -0.12567042 -0.022261033 -0.021140344
-0.0050081937 -0.03376483 0.84788793 0.049580377 0.11329603 0.33620068 -0.06972697 -0.06393246 -0.05901141 0.37304708
-0.0706593 -0.17887013 0.76078707 0.39119256 0.14746264 -0.029416291 -0.23934849 -0.23342112 -0.18689123 0.24874096
-0.14418408 -0.358489 0.21532741 -0.04735035 -0.037886247 -0.32715067 -0.4105709 -0.6269668 -0.3278251 -0.15652676
0.2667095 -0.32007816 -0.16932905 -0.12793617 -0.10210745 -0.45858186 -0.06642216 -0.6538535 -0.17093019 -0.31543514
-0.3096602 -0.34804308 -0.16377257 -0.06867982 -0.040377203 -0.30134073 -0.5080793 -0.50991046 -0.34749 -0.14177077
0.1189419 -0.22807206 -0.2067929 -0.1926269 -0.118225805 -0.21172377 0.82402503 -0.29382664 -0.024006035 -0.17098427
0.64605916 0.165969 0.16673698 0.6574339 0.28338382 -0.06286596 -0.041992825 -0.08059224 -0.03944221 -0.031121952
-0.07344992 0.76053405 -0.28459376 0.17572653 0.28970063 -0.23205733 -0.31902924 -0.067899324 -0.17509897 -0.17173518
-0.09083998 0.1744175 -0.054118246 -0.10547499 -0.033983413 0.3823195 0.40235245 0.77365196 0.12665564 0.15324278
0.033617727 -0.01903878 0.82006544 0.14448611 0.13766137 0.36856434 -0.054174736 -0.03587674 -0.04064991 0.38007778
-0.22917171 -0.013845045 -0.39343867 -0.26305732 -0.116144665 -0.053113822 0.4238527 0.70578504 0.14630756 -0.088290334
-0.017440777 -0.07316856 0.84271806 -0.038853228 -0.0030622478 0.3772907 -0.021877425 -0.07972245 -0.031599287 0.36396208
-0.045510225 -0.056645386 0.73603606 -0.038099855 -0.0052783214 0.5093447 -0.015043473 -0.020557964 -0.0061238385 0.4374621
-0.119832605 -0.2189357 0.7587883 -0.1593355 -0.06271433 0.40164793 -0.004802397 -0.18066515 -0.029975662 0.37113905
-0.097553514 -0.07862459 0.6344272 -0.0732874 -0.019951366 0.58000976 -0.016621545 -0.00135922 -0.020102091 0.48881575
-0.084418 -0.108333774 0.5448991 -0.028694231 -0.013996942 0.62167186 -0.007516292 -0.013598316 0.06264361 0.54088956
0.65578467 0.5861356 -0.14893997 0.24104883 0.10031765 -0.14821854 0.30013037 0.07633812 -0.011708743 -0.1342708
0.011688487 -0.07121256 0.9080117 0.09761918 0.13700806 0.11698162 -0.1297565 -0.1611722 -0.09954292 0.2749538
-0.17424092 -0.034282688 0.5212791 -0.05858648 0.025867643 0.58410585 -0.13895966 0.20760664 -0.09010751 0.53002083
0.042245865 -0.015871357 0.75802994 0.33402553 0.23219724 0.29172742 -0.0998355 -0.051446047 -0.090970755 0.38970625
-0.057610963 0.43026266 -0.51792824 -0.042044934 -0.019347444 -0.49195105 -0.27436793 -0.22593649 -0.19370143 -0.36783448
-0.1651032 -0.16713955 0.70845723 -0.19144687 -0.06022198 0.4449 -0.07455137 -0.13174175 -0.05618203 0.4226214
-0.44524467 -0.36297256 -0.3213066 -0.35362503 -0.18961816 -0.3176434 -0.30134088 -0.38914424 -0.11702043 -0.22121002
-0.07421381 -0.024863167 0.9029183 -0.055048034 0.07410958 0.19764867 -0.15881488 -0.10098198 -0.123698674 0.28338012
0.094790176 0.6396237 -0.3250174 0.5043296 0.26671508 -0.23921512 -0.20127049 -0.025867894 -0.15800953 -0.16554418
-0.27297547 -0.21875264 -0.29081702 -0.29238188 -0.1280167 -0.41422397 -0.3675825 -0.5095623 -0.20997332 -0.28414902
-0.036390867 0.6037701 -0.3107999 -0.023864344 -0.00470353 -0.11399245 0.025220782 0.7128699 -0.06356013 -0.10533474
-0.045021784 0.17898847 -0.06783159 -0.116237424 -0.046304658 0.20751886 0.6555272 0.6378207 0.25705767 -0.0024575077
-0.08144149 -0.06750781 0.4884339 -0.12712684 -0.040730894 0.62766856 0.34926665 0.15545543 0.10899874 0.42475867
0.44017926 0.4916547 -0.24029022 0.6431659 0.21217357 -0.16040201 -0.037029255 0.06823874 -0.014633869 -0.12699571
0.2300314 0.029194087 0.76234263 0.31804627 0.21561068 0.31407428 -0.051464554 -0.03269599 -0.034572225 0.3374463
-0.039314527 -0.0734805 0.848389 -0.05518586 -0.006879809 0.35191536 -0.054156605 -0.0918352 -0.044635516 0.3646845
0.6279106 0.31115365 -0.10601024 0.6522809 0.23713617 -0.09635421 0.026780736 -0.023530472 -0.008496121 -0.07309083
0.85281914 -0.094838515 -0.09290641 0.08641985 -0.019676222 -0.24936633 0.24684568 -0.29889855 -0.057865746 -0.17723668
0.043805152 -0.0028347545 0.6632823 0.39550203 0.21366253 0.42621517 -0.061328374 0.016459748 -0.0061902152 0.4127061
0.71942276 0.4901917 -0.13097723 0.34570256 0.17026496 -0.19844498 -0.012364379 -0.07016847 -0.09197615 -0.15352868
0.32865825 -0.11019242 0.890573 -0.035942264 -0.008793753 -0.062499013 -0.060892604 -0.27205965 -0.056529496 -0.022930982
0.530926 0.4638407 -0.0319863 0.6230166 0.30951676 -0.07984185 -0.078218505 -0.031256005 -0.045664288 -0.04940612
-0.085025206 -0.12417605 0.6487207 -0.04561256 -0.014691404 0.5440962 -0.028203154 -0.065431885 -0.01883002 0.5027366
0.1142409 -0.10764239 0.9525091 -0.049716864 -0.015145776 0.07576588 -0.023930464 -0.1842671 -0.029200096 0.15577951
0.5393926 -0.004006625 0.6428933 0.44651717 0.23840787 -0.010056394 -0.0670001 -0.123884425 -0.06575512 0.123493984
-0.33443025 -0.3047431 -0.30372927 -0.42491487 -0.19408023 -0.34304547 -0.21667159 -0.49312794 -0.09859891 -0.25940913
0.5036862 -0.054680943 0.815289 0.07918185 0.09097532 -0.061500132 -0.06495864 -0.22875412 -0.056015383 -0.024489915
-0.04547299 -0.046818625 0.7598296 -0.051146805 -0.013047107 0.48540834 -0.01844939 -0.023240818 0.121070005 0.40552846
-0.05650237 -0.068587296 0.7982439 -0.057810687 -0.011170229 0.42737836 -0.04046013 -0.053134136 -0.030144133 0.40425485
-0.20560244 -0.1789881 0.76773614 -0.07504335 -0.029321093 0.3023535 -0.19883972 -0.1384929 -0.06663463 0.41857564
0.7548049 -0.011123738 0.4764513 0.32934254 0.15428972 -0.12095132 -0.053348266 -0.21375422 -0.046659302 -0.07433085
0.2757357 -0.073434934 0.93446016 -0.028722664 -0.0017130768 0.027890172 -0.026111845 -0.1778222 -0.02174333 0.10478573
0.2633015 0.013243385 0.806189 0.11795008 0.15333539 0.34376508 -0.026494183 -0.047530513 -0.041029546 0.34686196
-0.0075866054 -0.047265947 0.8581918 -0.009525572 0.05499755 0.34120676 -0.049737345 -0.06981716 -0.04666024 0.3635275
0.5571187 0.2477138 0.07082679 0.70289904 0.32572058 -0.07109559 -0.086195685 -0.07361076 -0.06445343 -0.031969372
0.42942172 -0.037227888 -0.017844565 0.7141436 0.29496926 -0.22099291 -0.22093692 -0.27557546 -0.16980304 -0.12024493
0.6286825 -0.090954825 0.64618737 -0.021681925 -0.0025901387 -0.16310312 -0.08241877 -0.35921377 -0.078087635 -0.09961369
0.44121414 -0.07242166 0.8132778 0.08889586 0.10744599 -0.09513708 -0.12554862 -0.29081637 -0.090658486 -0.0401333
0.6396666 -0.073493764 0.6562859 -0.009037955 0.0051147393 -0.16402608 -0.06266057 -0.33048898 -0.021400753 -0.11872003
-0.37524265 -0.20659839 0.5799543 -0.2296138 -0.053308412 0.070185184 -0.45741665 -0.38753596 -0.062290598 0.23744196
0.17227001 -0.020059174 0.5596492 -0.020972304 -0.00040041056 0.5520789 0.3416966 0.013858431 0.2663427 0.4044691
-0.16000094 -0.42620334 -0.025619106 -0.16930045 -0.111654386 -0.34929487 -0.2609035 -0.7064859 -0.103276856 -0.22605038
-0.067914195 0.5448327 -0.23404442 0.6387175 0.3362726 -0.14703366 -0.23146811 0.15784086 -0.10698127 -0.105705924
0.12693237 0.104267515 -0.29923132 0.8285782 0.269883 -0.22989689 -0.16213152 -0.07113379 -0.13043584 -0.15128036
0.3631166 0.64368176 -0.3703801 0.38401735 0.15536255 -0.27850297 -0.105922714 -0.068133816 -0.043799117 -0.2229076
-0.4476973 -0.2630365 -0.33012536 -0.20818321 -0.09979167 -0.3665737 -0.4127629 -0.3191431 -0.31968603 -0.2435088
-0.05104465 -0.058681224 0.24711151 -0.49458733 -0.29700136 0.4908939 -0.017725341 -0.2702322 0.4701209 -0.25442162
0.45447466 0.05920473 -0.054604646 0.15049942 -0.035329252 -0.031995624 0.82326263 -0.014533298 0.28380558 -0.059378594
-0.056474313 -0.10307588 0.87306315 -0.29782218 -0.17419922 -0.017061614 -0.12662128 -0.12922022 0.032189444 -0.2661677
-0.09157745 0.61804384 -0.20829397 -0.006649794 0.104315795 -0.06837983 -0.339047 -0.3261358 0.12010216 -0.56116414
