0.14035983 0.43740034 0.6647021 0.10056573 -0.22733848 -0.14458504 -0.124172345 -0.321652 0.23357877 -0.30168247
-0.030345067 0.761995 0.5251442 -0.0021861505 -0.15485191 -0.19287795 -0.13906072 -0.20937842 -0.009296225 -0.1349702
0.31304953 -0.37527683 -0.17825055 0.22351626 -0.09677087 -0.12478143 -0.3431744 0.63224214 0.15828325 0.33458516
0.06394452 0.5627622 0.6413722 0.08307312 -0.20750588 -0.17532808 -0.13787039 -0.29078647 0.1400921 -0.25290486
-0.06834149 0.8058987 0.49872312 -0.10457125 -0.02416175 -0.096810214 -0.18452941 -0.17647962 -0.028732827 -0.10108913
-0.14314134 0.38223064 0.4993951 -0.06515621 -0.40368488 0.18759733 -0.16023895 -0.3722313 0.37320963 -0.27945858
-7.828017e-05 0.6347482 0.40996274 -0.06524123 0.41424882 0.19323622 0.4587952 -0.065780655 -0.0060337074 -0.031142883
-0.028978676 0.7207488 0.5386929 -0.0020539225 -0.17812756 -0.22108395 -0.16850205 -0.23477817 -0.010110919 -0.15894538
-0.007776202 0.7743556 0.4465009 -0.044620756 0.22418734 0.17579949 0.32940245 -0.07880083 0.029370159 -0.04706568
-0.021593383 0.8536672 0.4826504 -0.023635019 -0.011912088 -0.026222233 0.14579763 -0.11156569 -0.0058768108 -0.052039776
-0.029063726 0.7548417 0.5401094 -0.007427433 -0.1519937 -0.17751037 -0.12684774 -0.21529312 -0.005662363 -0.14321499
-0.10163463 -0.14520076 -0.021409404 -0.026626764 -0.3354277 0.78972393 -0.041979935 -0.21957766 0.3761333 -0.19947751
-0.00088899356 0.16780931 -0.024874022 0.030593092 0.60089964 -0.022470837 -0.08060649 0.6126012 -0.027447993 0.47557148
-0.052834492 -0.19782487 -0.13919684 -0.09370408 0.31160092 -0.017088834 0.71117234 0.56433696 -0.08884126 0.019882003
-0.019534677 -0.23587456 -0.09489729 -0.12749426 0.2931221 0.3118838 0.83290267 0.18120643 -0.04581417 -0.08287151
-0.2798728 -0.29960102 -0.11679646 -0.34002286 0.64952886 -0.050846636 -0.4302082 -0.15621462 -0.24631463 -0.089595154
0.33125472 -0.21591069 -0.032613363 0.5953567 -0.35734382 -0.16119899 -0.3862632 -0.17134663 0.39480883 0.0052034515
-0.1882812 0.07804622 -0.021171102 -0.1329134 0.32362196 0.43953833 -0.09742281 0.18051913 -0.076874875 0.7709938
-0.033925895 -0.021440431 -0.034673493 0.96614724 -0.043066468 0.17815936 -0.007093349 -0.08812718 -0.10784379 -0.1034603
-0.29412922 -0.4009614 -0.29842743 -0.34461832 0.14555374 -0.33735278 -0.2638387 -0.4419531 -0.20382865 -0.32159758
-0.19547266 -0.4680735 -0.1064193 -0.263519 -0.24796143 -0.36316496 -0.39473638 -0.08294518 0.30679896 0.46014592
-0.3498398 -0.23410967 -0.31965053 -0.28541312 0.3531649 -0.23014136 -0.05870705 -0.599718 -0.20705359 -0.23557964
-0.14687377 -0.24980633 -0.49800575 -0.2989151 -0.07353313 -0.18117943 0.28683147 -0.46493903 -0.3513647 -0.34428793
0.12806989 -0.21853474 -0.06740723 -0.056999266 -0.037958182 -0.101669386 0.8228613 0.48668665 -0.026631048 -0.03995939
