0.18134719 0.4562543 0.49981704 0.25265998 0.008525634 0.06221356 -0.042565174 -0.019166311 -0.050582286 0.6607649
0.23079802 0.31058642 0.50243586 0.36788824 0.066952266 -0.014014884 -0.071994275 -0.055544052 -0.08647519 0.66487557
-0.06985609 -0.15021746 -0.05908584 -0.13778009 -0.2028141 0.085952 0.10040352 -0.03210913 0.9406372 -0.07515938
0.24404374 0.4626713 0.5092927 0.24805304 0.04218904 0.03843644 -0.03866295 -0.0056366436 -0.042508382 0.6315678
0.024491098 0.18860029 0.50398463 0.4638884 0.06939534 0.21217072 -0.045712247 -0.09500895 -0.113923304 0.6486216
-0.0150425 0.27150753 0.4643466 0.40385494 0.0091415 0.36891124 -0.020396704 -0.07623954 -0.102067366 0.62810475
0.4013721 0.45879263 0.46455705 0.36110914 0.51965654 -0.02921607 -0.052231986 -0.04894623 -0.07768177 -0.011907297
0.19671088 0.3066949 0.50824 0.37222347 0.062319513 -0.0073079313 -0.06826338 -0.056216292 -0.08870052 0.6713865
-0.013238627 -0.011825104 0.55114293 0.6165963 0.20974725 0.26405057 -0.028961953 -0.09509382 -0.17220798 0.4030899
0.25584328 0.20290808 0.496445 0.4159575 0.07695078 -0.015140263 -0.071217455 -0.063659094 -0.098082945 0.6700738
0.38281104 0.29729402 0.49330148 0.3427213 0.15068741 -0.038613055 -0.07099499 -0.009816125 -0.07419759 0.6078061
-0.041111354 0.0745333 0.3254719 0.4288371 -0.0054643755 0.5846035 0.12139724 -0.07604854 -0.103789456 0.57431465
0.44699064 -0.21147123 -0.09415655 -0.04627436 0.12980917 -0.30312344 -0.13815181 0.6777149 0.36323133 -0.1594305
-0.14508736 -0.21860787 -0.16701864 -0.1457998 -0.08856901 -0.11845888 -0.01382242 0.23186053 0.8716333 -0.2154891
-0.28819278 -0.7508293 -0.29512638 -0.07983316 -0.2716207 -0.056781285 0.027051471 -0.1341935 0.38329798 -0.13064612
-0.1049872 -0.30676362 -0.3899367 -0.13465546 0.2730482 -0.17420682 0.09158169 0.52424484 0.3535525 -0.45996583
-0.07208243 0.17313801 0.41470757 0.00074922864 -0.06589543 0.63154167 0.14790943 -0.06939473 -0.006350871 0.6024319
0.74015254 -0.24669729 -0.07540385 0.30830604 0.223394 -0.1842289 -0.05940212 0.447373 -0.025270792 -0.049207043
0.25705576 0.08002958 0.011980889 -0.0697749 -0.027433323 0.31570414 0.4801729 0.44430548 0.6274492 -0.020442268
-0.08571099 0.24352601 -0.17105448 -0.13933873 0.6529559 -0.07208156 0.12756069 0.0020278732 0.5453994 -0.3733502
0.46771014 0.590425 0.41642377 -0.006998081 0.09233989 -0.071414925 -0.0544376 0.3085714 0.17601787 0.3411729
-0.14934184 -0.35934153 -0.22149533 -0.0198565 -0.10710473 0.6559734 0.5488717 -0.21190983 0.050118316 -0.09309154
0.36619496 0.20579502 0.39085224 0.43687305 0.32464403 0.1623563 0.035030663 -0.041731052 -0.08813646 0.5808926
-0.17214076 -0.20696676 -0.119336426 -0.14419164 -0.15622768 0.2747253 0.37778452 -0.017701508 0.80036455 -0.09487261
-0.12171935 -0.077011816 -0.14686158 -0.16172227 -0.09296916 0.63484466 0.6301205 -0.18254857 -0.16448013 -0.24986108
-0.029642027 -0.0440915 -0.17378123 -0.21872073 -0.10748757 0.6087059 0.6612872 -0.19826823 -0.1507044 -0.19426629
0.9029149 -0.03686575 -0.10896672 -0.04618528 0.2783784 -0.12358309 -0.1254355 -0.14753829 -0.14643423 -0.13291708
-0.062686 0.76257086 0.15802588 -0.14219491 -0.02125886 -0.10611839 -0.075357966 0.19192307 0.56122917 0.012651652
-0.426133 -0.4692281 -0.4178999 -0.10793296 -0.13469587 -0.36935446 -0.0847243 -0.20159368 -0.4181898 -0.1862238
-0.25083017 -0.47016156 -0.32204252 -0.12497661 -0.13134006 -0.2640825 0.6385415 -0.16386458 -0.25603977 -0.097820364
-0.016153488 -0.39396572 -0.1932157 -0.15855832 -0.123972274 -0.28414497 -0.19498882 -0.08218564 0.80036396 -0.024328502
-0.1201848 -0.26134598 -0.4517277 -0.09219196 -0.24988809 -0.15215945 -0.25703412 -0.2689534 -0.5075015 -0.4723768
-0.22950897 -0.27289614 -0.45704028 -0.051912766 0.46414238 -0.21812966 -0.11370351 -0.13979153 -0.33614838 -0.50279015
-0.07899923 0.71027434 0.1641051 -0.02697217 -0.06499022 -0.021315701 -0.006284291 0.6582148 -0.072987795 -0.1353512
0.257363 -0.060521994 -0.32594427 -0.01989779 0.5389708 -0.24070911 -0.12580003 -0.29043207 -0.55345875 -0.2618057
0.915181 -0.017935744 -0.10366207 -0.055514134 0.22120781 -0.17193684 -0.10803765 -0.13990727 -0.12740257 -0.14940411
-0.07584069 0.706081 0.60565096 -0.015124094 -0.015121689 -0.051425666 -0.058857657 0.3438055 -0.03362904 -0.054639913
-0.06001008 0.68186706 0.59313005 0.020123953 -0.01264116 -0.030345913 -0.03639001 0.41875485 -0.0136991255 -0.036049347
0.7348205 -0.10101312 0.1614759 -0.19584034 -0.13818519 -0.1759567 -0.1903899 -0.36212695 0.32238305 0.25305384
0.6644585 -0.25367188 -0.06900119 -0.11371465 -0.13917807 -0.19750184 -0.09664431 -0.19831441 0.5333141 0.2915186
-0.27005714 -0.3812102 -0.34307513 -0.081111014 -0.114560165 -0.18613528 -0.07852167 -0.19058394 -0.6344163 -0.4058646
-0.031653985 -0.048667245 -0.18297327 -0.21937847 -0.11391913 0.5918523 0.6637074 -0.21900241 -0.1697133 -0.18569998
-0.061281495 -0.22310133 -0.1622205 -0.07267442 -0.023502119 -0.15100913 -0.02071437 0.6676715 0.6667426 -0.027518231
-0.7212513 -0.2435486 -0.20131889 -0.027254745 -0.2584186 -0.13373893 -0.15070592 -0.03998101 -0.43365198 -0.28666645
-0.41600585 -0.38930658 -0.39182046 -0.08835443 -0.054847546 -0.38262132 -0.0029714343 -0.17325898 -0.5486195 -0.18338911
-0.19160147 -0.22718531 -0.21545531 -0.033291377 -0.15437159 -0.110590585 -0.05663582 -0.1721597 -0.15078902 0.87892073
-0.11700546 -0.30445665 -0.20206685 -0.045983218 -0.043666292 -0.17334107 -0.061335873 0.62781894 0.6478319 -0.033340305
-0.061620817 0.68262595 0.59510773 0.015209148 -0.012657733 -0.031377766 -0.037613425 0.41441035 -0.014046366 -0.03670769
-0.4863718 -0.12774116 -0.3342791 -0.029733356 -0.16492248 -0.3805282 -0.24656866 0.3473166 -0.36455172 0.3849338
-0.12746102 -0.19005758 -0.3928545 -0.1615584 -0.26835757 -0.18659888 -0.31470004 -0.22894299 -0.5153841 -0.49324372
-0.20248602 -0.099425144 -0.093567766 -0.12837644 0.37628427 -0.04204183 -0.002118799 0.66067415 0.5409322 -0.22675714
-0.25824428 0.5528854 -0.26631662 -0.14375615 0.5287379 -0.08759052 -0.09556034 -0.12244931 -0.2576571 -0.3978549
-0.12824509 -0.022206316 0.59975296 0.5507461 -0.07392095 0.5013771 -0.034921527 -0.10048118 -0.09762609 0.20577914
0.8721059 -0.022701446 -0.19588974 -0.10191786 0.20823368 -0.14317793 -0.09862242 -0.2000361 -0.18820421 -0.2028128
-0.17554675 -0.584661 -0.2796332 -0.11421777 -0.1694132 -0.3170568 -0.16713965 -0.078480996 0.6097885 -0.030849708
-0.01939171 -0.034493808 -0.17083217 -0.2220869 -0.1228894 0.6146502 0.65372324 -0.20984642 -0.16059567 -0.1727733
-0.2824567 0.75865924 -0.07766705 -0.09265363 -0.0044560167 -0.014494635 -0.077585086 -0.2947597 -0.40973413 -0.26272196
0.18334122 0.09823952 0.6125986 0.25491017 -0.05252796 -0.018424373 -0.04863606 -0.16329007 -0.12481016 0.6846703
-0.014401831 -0.03099333 -0.16323265 -0.22016682 -0.11997911 0.6213275 0.65330756 -0.20329463 -0.15954915 -0.1722654
-0.20205037 -0.5395666 -0.5660664 -0.13545917 -0.14233202 -0.40467235 -0.010083259 -0.03638454 -0.23070455 -0.30099016
-0.026512278 0.12096057 0.65553606 0.29851818 -0.072493665 0.007002395 -0.00641205 -0.12143919 -0.14839134 0.6509317
0.89119464 -0.054570604 -0.1497352 -0.06656115 0.28924015 -0.11164121 -0.09758887 -0.16803779 -0.14713253 -0.14286768
-0.2085658 0.19935226 -0.12835558 -0.034447152 0.78470266 -0.22264607 -0.11637296 -0.0098879 -0.16261663 -0.4400944
-0.008081761 0.90358526 0.27236637 -0.15671703 -0.01946974 -0.12418673 -0.09794143 -0.006000396 0.24301326 -0.015473647
-0.11791828 0.5876808 0.21259935 -0.03373879 -0.050213546 -0.02179946 -0.0030115102 0.7611636 -0.019974401 -0.107772835
-0.03927257 -0.038959622 -0.15083304 -0.2162952 -0.12552503 0.61567754 0.6567318 -0.21852733 -0.1549819 -0.17181356
