-0.36207652 0.09855292 -0.4213141 -0.2760415 -0.30207157 -0.53630674 -0.16652197 -0.13103494 -0.18328905 -0.38485926
-0.3048526 0.6151811 -0.40418145 -0.2137054 -0.41252896 0.18120086 0.17210093 -0.1448582 0.045480262 -0.25278348
0.60751325 0.012804531 -0.029305667 0.3145399 0.27782214 -0.5521125 -0.1804667 0.22337861 -0.19507395 -0.16863002
0.37151775 0.2760096 -0.16369452 -0.028417876 -0.14271879 -0.6907716 -0.2162029 0.16519268 -0.2469212 -0.35447636
-0.19553584 -0.029013012 -0.3295825 -0.13085823 -0.1385897 -0.7344506 -0.23482679 -0.10167938 -0.2562032 -0.38135067
-0.4750141 -0.18848942 -0.36488897 -0.42354274 -0.3504539 -0.0815504 -0.03335272 -0.17053623 -0.03196973 -0.5153789
-0.15630029 -0.014664474 -0.11182761 -0.12306315 -0.1359054 0.8625107 0.29286215 -0.0630848 0.29761034 -0.08360884
-0.09251906 0.78007257 -0.29825225 -0.0866252 -0.2902738 -0.33881447 -0.0887859 -0.050464418 -0.12170495 -0.24934502
-0.51122 -0.085555784 -0.41933823 -0.37752876 -0.40660253 0.23480839 0.10579332 -0.20911889 0.07245369 -0.36377016
-0.5210829 -0.13117735 -0.37936166 -0.4027021 -0.33759722 0.30320513 0.088304825 -0.19851927 0.11255819 -0.37336138
0.6305672 -0.024009693 -0.008604748 0.3126621 0.40628523 -0.4556983 -0.15172964 0.2274544 -0.16339664 -0.1726048
-0.14582281 -0.01647286 -0.27867422 -0.18862566 -0.20490459 -0.7110307 -0.22801097 -0.04573989 -0.24790795 -0.44959456
-0.596686 -0.31192982 -0.25541365 -0.44909093 -0.38247553 -0.07531442 -0.029215632 -0.24403791 -0.02365213 -0.25849488
0.3263528 0.076396234 -0.06542833 -0.069084495 -0.13214843 -0.75380164 -0.2414487 0.30444962 -0.2628158 -0.26993454
-0.11960143 0.06613291 -0.22033525 0.15226805 -0.009216401 -0.85813135 -0.26867077 -0.09725848 -0.29351407 -0.07294339
-0.32517788 -0.23160331 -0.1272636 -0.10716459 0.8171122 0.32420677 0.034876134 -0.16835721 0.10279105 -0.0054851165
-0.33668047 0.21017161 -0.47118127 -0.33210132 -0.26079687 -0.31374604 -0.10232968 -0.07858675 -0.11580308 -0.5600552
-0.015319656 -0.03589112 -0.18398276 0.014265113 0.51309705 -0.6995777 -0.23434839 -0.01119085 -0.24733299 -0.3090768
0.1301999 -0.03413561 -0.06538278 -0.16986573 -0.22742456 -0.71818125 -0.23275548 0.34759274 -0.25272694 -0.37733343
-0.29092807 -0.04135389 -0.18124837 -0.21323965 -0.18760633 0.7927024 0.2556175 -0.098644465 0.28875017 -0.11535921
0.12985982 -0.10992087 -0.11001949 -0.048650406 0.036450252 -0.798837 -0.26824406 0.091241054 -0.28455955 -0.39479056
0.31361228 0.46414727 0.09416631 0.4376769 0.13476038 -0.002701413 0.033669185 0.0734417 0.0077400533 0.67899305
-0.23857625 -0.13591355 -0.29535 -0.10614178 -0.0124042835 -0.75284356 -0.24851732 -0.13630489 -0.26393208 -0.3304298
0.50011295 0.38966724 -0.019833127 0.5085507 0.18293451 -0.4757664 -0.14572148 0.11791081 -0.16345872 0.13173562
-0.04246817 -0.12149227 -0.1120211 -0.16225457 -0.13576859 -0.7763434 -0.25771257 0.05959166 -0.27447158 -0.4220392
-0.02205802 -0.05652805 0.35075402 -0.07318227 -0.06467098 0.8417479 0.2608728 0.05039332 0.28734496 0.045287378
-0.06458995 -0.1438576 -0.12012649 0.09174617 0.5478494 -0.70008504 -0.2352792 -0.0664041 -0.24618538 -0.20409395
-0.10818644 -0.16545174 -0.16290322 -0.015639525 0.43156898 -0.73514724 -0.24790214 -0.08472014 -0.2590765 -0.26775473
-0.5230735 -0.19758333 -0.34562078 -0.34620512 -0.29617068 -0.43194237 -0.14329287 -0.20598185 -0.14628652 -0.29898304
-0.5869054 -0.2515111 -0.17615752 -0.54124874 -0.4396524 -0.039339848 -0.021757627 -0.15688686 -0.0024932432 -0.21992622
0.42806527 0.18860216 0.16793494 0.56967455 0.44656286 -0.15447485 -0.047603853 0.07928176 -0.05295008 0.44025204
0.52709824 -0.044048633 0.015465213 0.34769914 0.53207165 -0.47136703 -0.15720399 0.15925351 -0.16798799 -0.12454498
0.6249059 0.22822823 0.34342307 0.41636556 0.29586333 -0.14636317 -0.045996614 0.28068927 -0.05051133 0.27146655
-0.36537537 -0.13368432 -0.37797007 -0.34112108 -0.21717677 -0.42270964 -0.14535803 -0.11752351 -0.15278558 -0.5525135
0.07643725 0.50130653 -0.02025038 0.37534338 -0.0040213447 -0.0059142085 0.04676542 -0.014281343 0.0062375385 0.7739996
-0.44663736 -0.18726145 -0.2665841 -0.3460645 -0.22663681 0.58964616 0.14365198 -0.15912104 0.19219114 -0.30443498
0.5505738 -0.0089179315 -0.059840403 0.16775745 0.24254422 -0.63461983 -0.20816174 0.22609712 -0.22501667 -0.24168517
0.61645275 0.07670565 0.3214443 0.41950667 0.39558646 -0.28729928 -0.093144305 0.25138918 -0.09980572 0.1180127
0.60444033 0.25674513 -0.020507252 0.53712857 0.3840643 -0.2875244 -0.09111021 0.16731349 -0.103000134 -0.05221672
0.51870793 0.3230055 0.1415568 0.52356803 0.3022701 -0.25185028 -0.07695792 0.16350499 -0.08564929 0.37102523
-0.2364456 -0.12641908 -0.08676939 -0.22231847 -0.17627281 0.82119113 0.23936515 -0.07616673 0.28401008 -0.14822775
-0.29379368 -0.11406902 -0.14660469 -0.21438444 -0.15906052 0.79897386 0.2436937 -0.116838306 0.2838939 -0.12620208
0.32622892 0.46382937 0.067030974 0.46710366 0.16359998 -0.036292646 -0.0041321213 0.06626062 -0.010071917 0.6505128
0.3814496 -0.103659704 0.5123599 0.2779902 0.39691052 -0.5134355 -0.17092223 0.12711582 -0.17828476 0.07514863
0.28119722 0.5295579 -0.009818296 0.3304747 0.25011906 0.47986513 0.17796859 0.12226684 0.17386222 0.4018789
0.63229316 0.1569872 0.33784425 0.41510573 0.33570388 -0.23851524 -0.07671215 0.27949643 -0.082265444 0.16956313
-0.08871394 -0.13305202 -0.19018333 -0.03378978 0.28986627 -0.7706814 -0.2590568 -0.06291951 -0.27226868 -0.33755556
0.5053621 0.25184634 0.2696121 0.48521236 0.35428044 -0.018406643 -0.002797388 0.15635754 -0.0067664413 0.4719174
0.6275519 0.15131189 0.43897307 0.38484734 0.24749494 -0.09942856 -0.030789865 0.27211478 -0.034676086 0.30845055
0.28862342 -0.08756869 -0.03021564 0.29926655 0.5689926 -0.6191051 -0.20564102 -0.0020779693 -0.21911865 -0.14562118
0.74953127 0.34189254 -0.015690276 0.24616762 -0.06697059 -0.36481962 -0.11182061 0.2693119 -0.12793289 -0.14659387
-0.35923737 -0.35425398 -0.17717378 -0.4484537 -0.2902648 -0.15323867 -0.07047487 -0.09962498 -0.061530568 -0.62172157
-0.482191 -0.17785454 -0.40880978 -0.39792043 -0.2974846 -0.021379814 -0.014679194 -0.1890738 -0.012667733 -0.5341482
-0.30039474 -0.08510044 -0.20011073 -0.25806236 -0.2156454 0.7540793 0.23434576 -0.10664203 0.25743636 -0.21949497
0.40142363 0.15556422 0.33262244 0.4486099 0.31907177 -0.11151558 -0.033420555 0.11919702 -0.036552582 0.60980886
0.6604953 -0.005061316 0.35905913 0.16956499 -0.012953835 -0.48614514 -0.15672493 0.3368293 -0.1683921 -0.05627698
0.62056804 0.3488103 0.28972423 0.40823567 0.17542815 -0.16282381 -0.048555404 0.2711619 -0.055082966 0.32622546
0.49904287 0.071687795 0.40873712 0.42679372 0.34717292 -0.14267808 -0.04485384 0.17195563 -0.048692077 0.47091445
-0.5033554 -0.19315487 -0.32935193 -0.39649695 -0.2966861 0.3872066 0.09099726 -0.1911309 0.1281367 -0.38007876
-0.044256892 -0.07530885 0.82902235 -0.17337616 -0.20134781 -0.091071874 -0.03050729 0.27061802 -0.02513419 0.389103
-0.62981254 -0.4580773 -0.19771017 -0.4392887 -0.11880802 -0.118472345 -0.06569903 -0.22704631 -0.04159383 -0.27511832
0.693456 0.023515996 0.21287079 0.4111677 0.2436394 -0.36879793 -0.11956434 0.2715273 -0.13087693 -0.06057528
0.70350933 0.4421004 0.0664165 0.24180743 -0.025298512 -0.31642115 -0.09703771 0.34866562 -0.10965694 -0.05448735
0.2926478 -0.062854595 -0.07292912 0.16828266 0.4292032 -0.7160666 -0.23801044 0.06785426 -0.25244755 -0.23413527
-0.26520425 -0.0059866845 -0.18803811 -0.124888934 -0.13719723 0.8174073 0.29343867 -0.12535499 0.2995118 -0.013040417
-0.3832834 -0.31236297 -0.12843838 -0.4862172 -0.3621962 -0.3180462 -0.121791564 -0.06427263 -0.112183884 -0.4886007
0.51856583 0.44078335 0.20510662 0.4246753 0.14318052 -0.12408783 -0.034065213 0.21081898 -0.040781982 0.48084822
-0.33446807 -0.24279898 -0.2537956 -0.09650738 0.59202296 -0.51152414 -0.17925206 -0.18874393 -0.18057218 -0.20722918
-0.23251602 -0.10402206 -0.054287635 -0.15292637 -0.102578364 0.85363334 0.25624195 -0.08226498 0.31005433 0.03175922
0.5735795 0.18915412 0.39219025 0.37140748 0.27958068 -0.23387405 -0.074719824 0.28845268 -0.079059586 0.33995542
-0.38538128 -0.17330153 -0.24490687 -0.47546515 -0.47894025 0.19831929 0.05051279 -0.099873915 0.039432295 -0.502599
-0.11508819 0.026321683 -0.0625461 -0.12115034 -0.12828386 0.8765423 0.28821748 -0.022480302 0.30996016 -0.055128478
-0.1913809 -0.047321722 -0.105377436 -0.14272253 -0.14879401 0.85264045 0.28505972 -0.07970921 0.29754952 -0.06615203
-0.44984946 -0.15554313 -0.23607479 -0.49635157 -0.48741278 -0.2372373 -0.079530634 -0.10293525 -0.07699824 -0.39324707
0.441533 -0.0458551 0.19063923 -0.10609476 -0.16844626 -0.62779546 -0.20503722 0.4223658 -0.21818519 -0.25457266
0.45545253 0.31693512 0.2779501 0.43153054 0.2689389 -0.07517458 -0.020645704 0.17715487 -0.023584979 0.564176
0.5496492 0.3779045 0.09337994 0.5171414 0.30007932 -0.20897265 -0.061395213 0.14216223 -0.0716098 0.34072623
0.6356734 0.091322556 -0.00053957757 0.40044394 0.5241615 -0.2601436 -0.08652287 0.24333699 -0.09538405 -0.0949034
0.34898695 -0.015299237 -0.033026844 -0.038819894 -0.08916992 -0.78781176 -0.25335357 0.24843141 -0.27373156 -0.21434169
-0.12799944 -0.1792451 -0.11311583 0.02671409 0.7955067 -0.46971598 -0.16459951 -0.09357849 -0.16658601 -0.14461496
-0.019757774 -0.024808675 -0.09817604 -0.10933391 -0.13790825 -0.8409127 -0.27187803 0.14175783 -0.29071456 -0.2696682
0.6422783 0.1921456 0.3302591 0.4287522 0.27849546 -0.22704585 -0.07173483 0.2684034 -0.07827202 0.21268937
-0.2670119 0.19645074 -0.26616833 -0.16854118 -0.16860723 0.7612042 0.27028993 -0.10684644 0.27203438 -0.15660253
-0.6286576 -0.27123186 -0.43455982 -0.2818411 -0.07150987 -0.2784455 -0.103947945 -0.27754727 -0.09875513 -0.28759435
0.4737698 0.31829348 0.32545894 0.39172632 0.24292406 -0.024197888 -0.0045777825 0.21176228 -0.0066367574 0.55709285
-0.48889014 -0.15351456 -0.3654396 -0.37289312 -0.34590945 0.3589222 0.1051197 -0.19662398 0.10964624 -0.39320764
-0.1387118 -0.023052081 -0.075128414 -0.10866003 -0.1178828 0.87490493 0.2928874 -0.053939268 0.3048652 -0.042262856
-0.23209241 -0.069285996 -0.13442616 -0.175739 -0.14671385 0.8339149 0.26334932 -0.089798205 0.29108566 -0.115288824
-0.6185509 -0.476614 -0.15053238 -0.44188 -0.22130805 -0.08380874 -0.049213402 -0.24095237 -0.027722528 -0.23466213
-0.5362914 -0.2939855 -0.26980424 -0.46888277 -0.36063862 -0.034207053 -0.021780837 -0.18705225 -0.013914057 -0.40796053
-0.58119655 -0.34593678 -0.15689394 -0.48895586 -0.3502902 -0.2390435 -0.08620526 -0.20436749 -0.075510174 -0.2100012
0.67729104 0.3229866 0.34365243 0.33075988 0.08404453 -0.20082407 -0.06118396 0.33283854 -0.0685877 0.20696494
0.48212257 -0.0013110868 0.4608591 0.39508194 0.4073512 -0.10458077 -0.03502757 0.19025908 -0.035656955 0.4283763
-0.6077333 -0.07589411 -0.58470076 -0.21799009 -0.19696973 -0.122878626 -0.030547109 -0.3353243 -0.042820152 -0.25768256
0.44049612 0.69340324 -0.008767352 0.36611038 -0.003239633 -0.07245757 -0.013830848 0.17433234 -0.021845626 0.39334533
0.42496586 0.57813525 0.024592683 0.44283175 0.080770604 -0.053078603 -0.008402731 0.12497578 -0.01577285 0.51301
-0.2502015 -0.098763615 -0.13103525 -0.1980345 -0.15453157 0.8221814 0.24977279 -0.093834564 0.28471768 -0.1383448
-0.18107678 -0.21351619 0.21449058 -0.074997626 0.17426309 0.76978767 0.20226547 -0.09548052 0.26131058 0.35880286
0.34807318 0.36263534 0.2151166 0.392985 0.17550938 -0.21577996 -0.064594574 0.17924093 -0.070878714 0.65417147
-0.31351385 -0.08548284 -0.24238372 -0.015724365 0.30061865 -0.67110544 -0.21117908 -0.1876757 -0.22755565 0.4037949
0.19651566 -0.022005612 0.11782785 0.502319 0.41058692 -0.51291215 -0.16348292 -0.0106408615 -0.1746739 0.4535176
-0.13857473 0.74825937 -0.3181244 -0.10241515 -0.33217463 -0.35080495 -0.088719904 -0.08015401 -0.12517002 -0.21411555
-0.3344228 -0.07094033 -0.2489056 -0.23192729 -0.21551003 0.73172283 0.24262622 -0.14343582 0.25660735 -0.2005816
-0.2532049 -0.2020464 -0.12014713 -0.40860945 -0.45807132 -0.5053211 -0.16400115 -0.05044696 -0.17794617 -0.43287715
-0.19987744 -0.09732859 -0.10220683 -0.18223526 -0.17636622 0.83679485 0.26909995 -0.07941946 0.27677852 -0.14234108
0.21778123 0.23407224 0.245802 0.36605197 0.18127064 0.26085973 0.10897151 0.034404445 0.10124359 0.7610212
0.3867034 -0.022094605 0.4819608 0.40964797 0.3105215 -0.13098581 -0.041414782 0.07784304 -0.04435704 0.5714469
-0.19083826 -0.017181069 -0.13631892 -0.12156777 -0.0956471 0.8587817 0.28063494 -0.07792011 0.30570596 -0.0706112
0.5408086 0.070544444 -0.0055623995 -0.031704947 -0.0728802 -0.6357351 -0.20549077 0.3991815 -0.22160514 -0.20337546
-0.1481233 -0.014918506 -0.07077038 -0.06809672 -0.052343536 0.864852 0.28697702 -0.065077566 0.31229857 0.18265033
0.48380426 0.19765127 0.06560023 0.24876346 -0.036632415 -0.71308184 -0.2209501 0.20385684 -0.24510516 0.020001782
0.5375277 -0.021356562 0.56585455 0.2905224 0.27140543 -0.23582959 -0.07751746 0.24948473 -0.08087795 0.3192866
0.50824517 0.23849195 0.28832918 0.48263633 0.34694722 -0.07714866 -0.02269266 0.1764668 -0.02597225 0.45834762
-0.5025494 -0.15214966 -0.31983098 -0.38641006 -0.3151138 0.44747677 0.12386353 -0.18290211 0.16418205 -0.31210035
0.6548299 -0.018504556 0.46714655 0.2107855 0.03508735 -0.41511044 -0.13414001 0.3091633 -0.14380765 -0.019873152
0.63650656 0.023929551 0.11552882 0.29170427 0.06538216 -0.5827427 -0.1872353 0.26067552 -0.20284134 -0.08849415
-0.26742038 -0.15591495 -0.00997331 -0.096543334 -0.11882831 0.19261903 0.08319774 -0.14916271 0.09607411 0.897292
0.5818641 -0.0070221564 0.45326266 0.40370563 0.2533832 -0.30036175 -0.096257895 0.21158862 -0.103537306 0.27163225
-0.13482419 -0.23481841 0.56216747 -0.061943494 0.06717425 0.4987593 0.12022125 -0.082779415 0.17441224 0.549377
0.5534411 0.023096314 0.47387382 0.36018908 0.2892336 -0.23790087 -0.07661223 0.2465534 -0.08147742 0.35401618
0.41307816 -0.013534191 0.39377588 0.45398968 0.49073482 -0.09420533 -0.031488772 0.09990089 -0.0328293 0.45417213
0.6082308 0.07275055 0.42510945 0.39978182 0.33062497 -0.18810265 -0.061039664 0.261982 -0.065136276 0.2508395
0.45708942 -0.020802613 0.57039493 0.2497218 0.0544516 -0.35222733 -0.11180151 0.19923267 -0.11905184 0.4577439
0.5672959 -0.05246833 0.62195563 0.25823992 0.15917467 -0.31262413 -0.1020453 0.21992034 -0.10836001 0.16827159
0.60365516 0.055118524 0.45637375 0.3796871 0.26543543 -0.23165873 -0.074753225 0.26664218 -0.0795054 0.27017432
0.47989982 0.21794972 0.34379795 0.4164733 0.40643397 -0.03439588 -0.010734859 0.21010496 -0.010286028 0.46883923
0.22492416 0.267741 0.21461605 0.3893794 0.3361068 -0.012534334 -0.0010841871 0.08140012 -0.0015324093 0.7485272
0.59883124 0.019578304 0.47017258 0.37064445 0.21048826 -0.2702635 -0.085793376 0.23586494 -0.0930021 0.30592236
0.5577486 -0.005682732 0.5059669 0.35982123 0.28187796 -0.212775 -0.06924347 0.23979428 -0.07311062 0.33322805
-0.22757795 -0.11458562 -0.0727411 -0.14443693 -0.1149555 0.8523362 0.26486576 -0.09876732 0.29786712 -0.02448625
-0.1309047 -0.05766888 -0.0056110946 -0.0091461595 -0.0066031823 0.5466928 0.18911819 -0.08372329 0.20791462 0.77104014
-0.02390078 -0.2948487 0.40490162 -0.015329445 -0.04373632 -0.7673508 -0.25588736 -0.058319602 -0.27001634 -0.12563564
-0.16893758 -0.03900619 -0.04409346 -0.056789313 -0.032092687 0.7166587 0.24375981 -0.08314247 0.27029577 0.55744827
-0.3941604 -0.029913835 -0.22721764 -0.18547638 -0.18255949 0.714166 0.2591795 -0.17090148 0.28796282 0.18721223
-0.29774728 -0.0059281606 -0.20919132 -0.1803499 -0.19449268 0.7833425 0.2813242 -0.12457736 0.29148462 -0.062812895
-0.306414 -0.0035687245 -0.28797245 -0.24802706 -0.21894658 0.15300505 -0.05214409 -0.050123595 0.36490434 0.7429115
-0.6018218 0.15528882 -0.44703084 -0.43897143 -0.3668593 -0.023474101 0.2757747 -0.07298365 0.029772092 -0.061334815
0.09199251 0.14539276 0.5444732 0.06282584 -0.008553069 -0.01934018 0.77296317 -0.19595255 -0.07142021 0.16906427
