0.2619483 0.8402174 0.46316063 -0.014048435 -0.0038121385 0.036441606 -0.023188809 -0.04424839 -0.017719213 0.08093465
0.16949767 0.85372967 0.46705824 -0.01914753 -0.00078929827 0.022281826 -0.026418649 -0.04397062 -0.044373173 0.13714544
0.1770009 -0.021536548 -0.086249806 0.22848901 -0.0682367 -0.016172357 0.39441273 0.5589928 0.64926666 0.11857936
0.23069172 0.85415477 0.44948137 -0.02057208 -0.01019577 0.008059038 -0.021436824 -0.04409551 -0.020457866 0.10841096
0.14885753 0.6810685 0.6403303 0.116476506 0.048944052 0.2785788 -0.046453226 -0.07489487 -0.048243657 -0.017354421
0.13110393 0.80942315 0.25662974 0.24309862 0.1366155 0.40653628 -0.08704521 -0.07144625 -0.07042407 -0.03337215
0.18071459 0.39635023 0.8493912 -0.028786378 -0.027986959 0.25357231 0.108784914 -0.09423953 -0.04146088 -0.020935718
0.16582833 0.861251 0.45404798 -0.025316903 -0.0078037702 -0.0017164529 -0.027228164 -0.04956505 -0.04056699 0.13798411
0.24362779 0.67330605 0.68255246 -0.020283984 -0.0015701783 0.13175638 -0.005722077 -0.05389354 -0.02675188 -0.00016176286
0.19795793 0.81349885 0.5188188 -0.003255099 0.07404504 0.0735344 -0.021547263 -0.023850052 -0.0399284 0.12779409
0.16673595 0.8497015 0.47686636 -0.02042822 -0.001991002 0.009577149 -0.030139338 -0.052752238 -0.046792828 0.128106
0.080865316 0.6180509 0.39218432 0.09331981 0.13069929 0.63224137 -0.085284054 -0.12319242 -0.06004095 -0.07804273
-0.2068595 -0.24081221 -0.30934078 -0.017840236 -0.020907473 -0.041190326 0.1942234 0.8114404 -0.069347516 0.3163979
-0.34076923 -0.25463307 -0.25767466 -0.1602804 -0.091569625 -0.17220776 0.18432313 0.39429784 -0.16639963 0.68686026
-0.21831475 -0.40643096 -0.28460714 -0.057656106 -0.03392644 -0.15539405 0.22309917 0.77819455 0.11955455 0.08874376
-0.30148977 -0.38819012 -0.35574234 -0.07923036 0.6021831 -0.16705494 -0.2864621 -0.19499494 -0.32064143 -0.11025386
-0.034307525 0.27491644 -0.33401808 -0.26210338 -0.32928574 0.0425323 0.22000729 -0.28053552 0.7096453 -0.045164146
-0.08609795 -0.14892688 -0.073113084 0.6917106 0.35322234 0.5641523 0.013569026 0.18058078 -0.08136444 0.06443179
0.5348746 -0.016727356 0.2954024 -0.04800291 -0.0890803 0.08461691 0.2947978 -0.066183984 0.7112931 -0.108366534
-0.36306977 -0.54924816 -0.2417311 -0.24697608 -0.064857684 -0.021923888 -0.21544215 -0.45613763 -0.3385854 -0.27068707
-0.049128238 0.45085707 -0.10079327 -0.15504174 -0.12632208 -0.25514778 -0.08476572 -0.3025181 0.02954304 0.7612386
-0.17711653 -0.6306959 -0.2367222 0.1952986 0.2994072 -0.11003742 -0.14958194 -0.19428474 0.5412439 -0.14783177
-0.016831415 0.62644416 0.7280863 -0.06560474 -0.034777205 0.03429507 -0.10965457 -0.23193225 -0.06029514 -0.032139976
-0.20395182 -0.21005765 -0.29881105 -0.0053425613 -0.2238572 -0.30811697 0.12764442 -0.012350741 0.59413934 0.5571962
0.4748948 -0.1088005 -0.013365035 -0.058306478 0.5535185 0.6205773 0.0012746355 -0.1338173 -0.12000391 -0.18775176
0.39393952 -0.2120592 -0.06258383 -0.07947487 0.5227596 0.6312122 -0.029234232 -0.18355675 -0.19293259 -0.21478465
-0.3756879 -0.073659815 -0.32403585 -0.009951339 -0.32901365 -0.40924522 -0.16220854 -0.3225555 -0.10338966 0.5758123
-0.21228476 -0.046172265 -0.30077875 0.64945745 -0.09976994 -0.27223697 -0.23882696 -0.44661587 -0.20645417 0.23947069
-0.34974825 -0.26669216 -0.05001529 -0.37381425 -0.32109493 0.062390648 -0.13781491 -0.17868303 -0.6510691 -0.28723976
-0.3759284 -0.25339004 -0.100395076 -0.36614615 -0.38481426 -0.004500619 -0.10256439 -0.15390593 -0.63108706 -0.26410156
-0.24159794 -0.38439634 -0.46245733 0.26146728 -0.29501095 -0.42896414 -0.26044753 -0.33748472 -0.121556066 0.2099799
-0.004671851 -0.2598131 -0.36993864 -0.116630614 -0.047830734 0.02476786 -0.01737269 0.7820969 -0.12669747 -0.3886992
-0.06171829 -0.16117157 -0.2816258 -0.091203295 -0.0584478 -0.014368637 0.04411125 0.86472636 -0.05914706 -0.35463354
-0.049772196 -0.19983181 -0.27343187 -0.07552895 -0.055161297 -0.013671084 0.0636634 0.8637626 -0.047468048 -0.3485665
-0.13833018 -0.06024408 -0.25128245 0.814616 -0.03154796 -0.18241346 -0.20946129 -0.369837 -0.18858968 0.0019856386
-0.13558464 -0.004846712 -0.12920918 0.92478573 -0.08133104 -0.13165174 -0.08520688 -0.25036243 -0.11091618 -0.05898085
-0.072062045 -0.34746587 -0.2620904 -0.26661777 -0.029736577 -0.30354428 0.017636549 0.5168469 0.5430951 -0.280857
-0.002820111 -0.39492297 -0.19840525 -0.27148825 -0.0064346115 -0.24584723 -0.03740173 0.5908231 0.5187009 -0.2257289
-0.3259395 -0.29536164 -0.28749147 -0.044978604 -0.36938888 -0.34989774 -0.2747325 -0.38865387 -0.078720085 0.47984102
-0.319063 -0.28939447 -0.2850028 -0.041227788 -0.36452752 -0.3384592 -0.3120563 -0.41029444 -0.10694164 0.4548969
0.39894563 -0.2081279 -0.059329566 -0.07891564 0.5257403 0.6285368 -0.027794553 -0.18160938 -0.19078855 -0.21485218
0.4656837 -0.15543248 -0.05447199 -0.066835016 0.5452933 0.60874474 -0.012458897 -0.15575433 -0.15282892 -0.18936466
-0.17013761 -0.2905176 -0.3710393 -0.042355947 -0.23075697 -0.34024066 0.16572478 0.16149822 0.6198311 0.37475193
-0.12890206 -0.80665725 -0.043221638 0.31380245 0.17899024 -0.19710946 -0.0259176 -0.12777908 0.104269825 -0.36549574
-0.27881476 -0.21483144 0.3716879 -0.3347897 -0.09913713 0.28882462 -0.09828378 -0.13410175 -0.6049205 -0.37289953
-0.010892588 0.42523977 -0.14342289 0.033245195 -0.06331322 -0.12826115 0.5842872 -0.010025598 0.551377 0.36250392
-0.2708497 -0.22114389 -0.34891266 0.020303331 -0.27907595 -0.3495348 -0.036021598 -0.029628085 0.46995762 0.57661957
-0.08144738 -0.51112926 -0.12694328 -0.30949026 -0.04083234 -0.007284963 -0.24560042 0.37283495 -0.47136897 -0.44382396
-0.069701724 -0.50396204 -0.13901567 -0.29998004 -0.038763747 -0.030740323 -0.2312643 0.44100028 -0.4481404 -0.42498076
-0.13094912 -0.078985825 -0.21346469 0.8504097 -0.039068297 -0.17955613 -0.18399228 -0.33541143 -0.16621123 -0.0101398565
