1 3 1 13
1 7 3 14
1 101 1 14
2 2 1 14
2 10 4 14
2 31 3 15
2 36 2 14
3 1 1 13
3 5 2 14
3 10 3 15
5 3 2 14
5 5 7 12
5 7 1 15
5 10 11 14
5 31 1 15
5 85 10 14
5 101 5 15
5 136 2 15
7 1 3 14
7 5 1 15
7 13 2 15
7 24 1 15
7 85 5 15
7 101 30 14
10 2 4 14
10 3 3 15
10 5 11 14
10 10 34 11
10 17 6 13
10 26 1 15
10 27 7 14
10 31 51 9
10 36 75 10
10 49 10 15
10 53 8 14
10 55 2 15
10 57 2 15
10 63 1 15
10 77 5 10
10 81 5 15
10 136 3 15
13 7 2 15
13 13 11 12
13 18 4 6
13 78 5 10
13 101 3 15
13 102 1 15
13 134 4 15
17 10 6 13
17 31 1 13
17 36 10 11
17 57 1 15
17 76 2 14
18 13 4 6
18 18 9 14
21 24 2 15
21 30 3 15
21 34 1 12
21 39 2 15
21 42 10 15
21 99 2 15
21 112 3 15
21 135 4 15
23 30 1 14
23 38 4 13
23 45 2 14
23 85 2 15
24 7 1 15
24 21 2 15
24 24 81 14
24 25 17 14
24 55 3 15
24 85 33 15
24 134 22 15
25 24 17 14
26 10 1 15
27 10 7 14
27 27 2 14
27 36 2 14
27 46 20 7
28 28 1 15
28 44 11 14
28 56 1 15
28 133 3 14
28 134 6 14
30 21 3 15
30 23 1 14
30 30 5 15
30 34 5 15
30 38 17 14
30 39 3 14
30 42 2 14
30 43 18 14
30 45 5 14
30 54 41 12
30 61 3 15
30 112 3 14
31 2 3 15
31 5 1 15
31 10 51 9
31 17 1 13
31 31 1 13
31 36 6 15
31 136 4 14
34 21 1 12
34 30 5 15
34 38 2 15
34 42 21 12
34 43 6 14
34 45 4 15
34 54 11 14
34 61 14 13
34 99 39 13
34 112 7 13
34 135 39 15
36 2 2 14
36 10 75 10
36 17 10 11
36 27 2 14
36 31 6 15
36 36 3 13
36 37 6 12
36 48 3 14
36 49 3 12
36 53 7 15
36 55 2 14
36 57 1 14
36 63 1 15
36 71 3 15
36 76 1 15
36 78 1 13
36 81 7 10
36 88 1 15
36 95 2 15
36 136 1 15
37 36 6 12
37 37 3 15
37 47 3 15
37 55 18 13
37 89 3 14
37 139 6 14
38 23 4 13
38 30 17 14
38 34 2 15
38 38 2 13
38 39 17 11
38 42 10 15
38 45 40 12
38 61 129 13
38 135 4 15
39 21 2 15
39 30 3 14
39 38 17 11
39 45 4 14
39 61 4 15
39 63 1 14
39 73 2 15
42 21 10 15
42 30 2 14
42 34 21 12
42 38 10 15
42 43 6 14
42 45 2 15
42 54 2 15
42 61 12 14
42 99 3 14
42 135 22 14
43 30 18 14
43 34 6 14
43 42 6 14
43 61 1 14
43 135 6 15
44 28 11 14
44 62 1 15
44 107 4 13
45 23 2 14
45 30 5 14
45 34 4 15
45 38 40 12
45 39 4 14
45 42 2 15
45 45 2 15
45 54 4 14
45 63 2 15
46 27 20 7
46 46 4 8
46 78 5 12
47 37 3 15
47 48 4 13
47 57 5 15
47 81 4 14
47 100 5 15
48 36 3 14
48 47 4 13
48 74 2 14
49 10 10 15
49 36 3 12
49 76 2 15
49 79 2 15
50 76 2 14
52 79 2 15
52 130 17 14
53 10 8 14
53 36 7 15
53 55 6 15
53 63 1 14
54 30 41 12
54 34 11 14
54 42 2 15
54 45 4 14
54 54 16 12
54 61 1 15
54 112 7 13
54 135 1 15
55 10 2 15
55 24 3 15
55 36 2 14
55 37 18 13
55 53 6 15
55 81 5 14
55 102 19 15
56 28 1 15
56 71 2 15
56 81 6 14
56 104 1 14
56 125 2 15
57 10 2 15
57 17 1 15
57 36 1 14
57 47 5 15
57 84 10 12
57 136 3 15
57 137 1 15
58 77 1 15
58 134 1 15
60 98 2 15
61 30 3 15
61 34 14 13
61 38 129 13
61 39 4 15
61 42 12 14
61 43 1 14
61 54 1 15
62 44 1 15
63 10 1 15
63 36 1 15
63 39 1 14
63 45 2 15
63 53 1 14
69 75 3 14
69 76 6 14
69 95 2 15
71 36 3 15
71 56 2 15
71 81 8 14
71 138 4 14
73 39 2 15
73 73 2 15
74 48 2 14
74 80 2 14
74 81 36 14
74 94 22 14
74 136 6 15
75 69 3 14
75 76 4 13
75 89 1 14
75 94 2 14
75 95 20 13
75 124 5 14
75 139 12 14
76 17 2 14
76 36 1 15
76 49 2 15
76 50 2 14
76 69 6 14
76 75 4 13
76 89 5 15
76 94 6 13
77 10 5 10
77 58 1 15
77 77 1 15
77 104 1 15
77 125 1 15
77 139 1 15
78 13 5 10
78 36 1 13
78 46 5 12
78 80 14 13
78 81 3 13
78 138 7 14
79 49 2 15
79 52 2 15
79 79 2 15
80 74 2 14
80 78 14 13
80 108 12 13
80 138 20 14
81 10 5 15
81 36 7 10
81 47 4 14
81 55 5 14
81 56 6 14
81 71 8 14
81 74 36 14
81 78 3 13
81 88 3 14
81 107 2 14
81 125 1 12
81 126 2 14
84 57 10 12
85 5 10 14
85 7 5 15
85 23 2 15
85 24 33 15
85 85 10 15
85 134 1 15
88 36 1 15
88 81 3 14
88 126 1 15
89 37 3 14
89 75 1 14
89 76 5 15
93 98 1 15
93 100 2 15
94 74 22 14
94 75 2 14
94 76 6 13
94 94 1 15
94 95 6 15
95 36 2 15
95 69 2 15
95 75 20 13
95 94 6 15
95 124 2 15
95 139 3 15
97 100 1 15
97 136 2 14
98 60 2 15
98 93 1 15
99 21 2 15
99 34 39 13
99 42 3 14
99 135 14 14
100 47 5 15
100 93 2 15
100 97 1 15
101 1 1 14
101 5 5 15
101 7 30 14
101 13 3 15
102 13 1 15
102 55 19 15
104 56 1 14
104 77 1 15
105 105 1 15
107 44 4 13
107 81 2 14
108 80 12 13
111 127 9 10
112 21 3 15
112 30 3 14
112 34 7 13
112 54 7 13
112 112 1 15
114 122 1 15
114 127 3 12
114 128 17 13
114 131 1 15
117 121 4 15
117 127 4 14
117 128 2 15
117 131 2 15
120 120 1 14
121 117 4 15
121 127 4 12
121 129 2 14
121 141 2 15
122 114 1 15
122 127 2 15
122 141 1 15
123 128 2 15
124 75 5 14
124 95 2 15
125 56 2 15
125 77 1 15
125 81 1 12
126 81 2 14
126 88 1 15
126 126 1 15
127 111 9 10
127 114 3 12
127 117 4 14
127 121 4 12
127 122 2 15
127 127 6 12
127 129 2 14
127 131 3 15
127 141 11 15
128 114 17 13
128 117 2 15
128 123 2 15
129 121 2 14
129 127 2 14
129 141 7 15
130 52 17 14
131 114 1 15
131 117 2 15
131 127 3 15
131 141 6 15
133 28 3 14
134 13 4 15
134 24 22 15
134 28 6 14
134 58 1 15
134 85 1 15
135 21 4 15
135 34 39 15
135 38 4 15
135 42 22 14
135 43 6 15
135 54 1 15
135 99 14 14
135 135 1 14
136 5 2 15
136 10 3 15
136 31 4 14
136 36 1 15
136 57 3 15
136 74 6 15
136 97 2 14
136 136 2 12
137 57 1 15
137 137 3 13
138 71 4 14
138 78 7 14
138 80 20 14
139 37 6 14
139 75 12 14
139 77 1 15
139 95 3 15
141 121 2 15
141 122 1 15
141 127 11 15
141 129 7 15
141 131 6 15
142 142 2 15