0 0 12 1
0 1 22 0
0 7 24 0
0 10 1 0
0 26 2 12
0 30 2 12
1 0 22 0
1 7 8 0
2 4 1 6
2 8 2 12
2 20 4 12
3 3 1 12
3 7 34 12
3 18 1 12
3 49 1 12
3 101 2 12
4 2 1 6
4 5 1 11
4 20 3 11
4 26 5 10
4 46 12 11
4 52 11 6
5 4 1 11
5 5 1 12
5 85 15 8
6 8 2 8
6 9 18 7
6 18 21 5
6 72 4 9
6 96 2 12
6 134 1 12
7 0 24 0
7 1 8 0
7 3 34 12
7 8 8 11
7 101 8 7
7 103 4 9
8 2 2 12
8 6 2 8
8 7 8 11
8 9 4 10
8 26 5 12
8 55 2 11
8 85 12 6
9 6 18 7
9 8 4 10
9 18 12 5
9 103 2 11
10 0 1 0
10 10 3 11
10 16 3 10
10 26 1 12
10 31 4 9
10 36 13 10
10 76 8 6
10 77 3 10
10 78 1 12
13 13 1 12
13 18 20 6
13 72 8 10
13 78 45 10
13 80 9 6
13 108 3 10
14 27 3 12
14 46 6 10
15 27 3 12
15 33 13 7
15 39 9 12
15 49 9 12
16 10 3 10
16 36 1 5
16 53 2 12
16 127 1 12
17 20 6 12
17 22 4 10
17 26 1 12
17 33 16 12
17 35 12 12
17 36 42 11
17 46 2 12
17 49 1 10
17 79 3 12
18 3 1 12
18 6 21 5
18 9 12 5
18 13 20 6
18 18 1 11
18 72 4 11
18 85 12 11
18 101 2 12
20 2 4 12
20 4 3 11
20 17 6 12
20 26 67 5
20 27 96 3
20 36 16 11
20 46 28 7
20 52 11 11
20 63 23 8
20 67 7 11
20 79 11 11
21 21 1 12
21 34 2 12
21 42 1 11
21 105 3 12
22 17 4 10
22 22 3 12
22 26 19 12
22 31 1 12
22 36 3 12
22 46 21 12
22 49 1 7
22 67 1 11
22 135 2 12
23 46 2 12
24 25 3 7
24 65 5 7
24 74 2 10
25 24 3 7
26 0 2 12
26 4 5 10
26 8 5 12
26 10 1 12
26 17 1 12
26 20 67 5
26 22 19 12
26 27 32 5
26 36 2 10
26 46 73 6
27 14 3 12
27 15 3 12
27 20 96 3
27 26 32 5
27 36 5 11
27 46 176 7
30 0 2 12
30 38 1 12
30 54 20 12
31 10 4 9
31 22 1 12
31 36 1 12
31 76 3 11
33 15 13 7
33 17 16 12
34 21 2 12
34 42 2 12
35 17 12 12
36 10 13 10
36 16 1 5
36 17 42 11
36 20 16 11
36 22 3 12
36 26 2 10
36 27 5 11
36 31 1 12
36 37 1 12
36 47 3 11
36 49 7 12
36 53 8 11
36 57 4 12
36 76 3 12
36 81 1 10
37 36 1 12
37 57 2 12
37 76 1 12
38 30 1 12
38 39 2 11
38 45 1 12
39 15 9 12
39 38 2 11
39 42 5 12
42 21 1 11
42 34 2 12
42 39 5 12
42 54 1 12
42 112 4 12
43 54 1 12
44 81 1 6
45 38 1 12
46 4 12 11
46 14 6 10
46 17 2 12
46 20 28 7
46 22 21 12
46 23 2 12
46 26 73 6
46 27 176 7
46 46 12 8
46 67 3 12
46 78 16 12
47 36 3 11
47 66 1 11
49 3 1 12
49 15 9 12
49 17 1 10
49 22 1 7
49 36 7 12
49 79 1 12
52 4 11 6
52 20 11 11
52 79 1 12
52 130 34 10
53 16 2 12
53 36 8 11
54 30 20 12
54 42 1 12
54 43 1 12
54 54 9 12
55 8 2 11
55 65 2 11
55 74 1 10
55 89 4 12
56 66 2 11
57 36 4 12
57 37 2 12
57 84 2 12
58 104 2 12
63 20 23 8
65 24 5 7
65 55 2 11
66 47 1 11
66 56 2 11
66 81 3 6
66 95 3 12
67 20 7 11
67 22 1 11
67 46 3 12
69 75 1 10
69 124 2 11
72 6 4 9
72 13 8 10
72 18 4 11
72 78 2 9
72 118 1 12
74 24 2 10
74 55 1 10
75 69 1 10
75 124 1 9
76 10 8 6
76 31 3 11
76 36 3 12
76 37 1 12
76 79 1 12
77 10 3 10
78 10 1 12
78 13 45 10
78 46 16 12
78 72 2 9
79 17 3 12
79 20 11 11
79 49 1 12
79 52 1 12
79 76 1 12
80 13 9 6
81 36 1 10
81 44 1 6
81 66 3 6
81 125 1 12
81 126 1 11
84 57 2 12
85 5 15 8
85 8 12 6
85 18 12 11
85 85 4 9
85 127 7 11
88 97 1 12
88 128 1 12
89 55 4 12
92 100 1 12
94 95 3 6
95 66 3 12
95 94 3 6
95 133 6 12
96 6 2 12
97 88 1 12
100 92 1 12
100 100 1 12
101 3 2 12
101 7 8 7
101 18 2 12
103 7 4 9
103 9 2 11
104 58 2 12
105 21 3 12
108 13 3 10
109 120 4 12
111 114 1 9
111 117 3 12
111 122 2 12
111 127 33 10
112 42 4 12
114 111 1 9
114 117 2 11
114 121 2 12
114 122 2 11
114 127 5 12
115 127 3 11
117 111 3 12
117 114 2 11
117 127 3 12
118 72 1 12
120 109 4 12
121 114 2 12
121 127 2 12
122 111 2 12
122 114 2 11
122 127 1 12
124 69 2 11
124 75 1 9
125 81 1 12
126 81 1 11
127 16 1 12
127 85 7 11
127 111 33 10
127 114 5 12
127 115 3 11
127 117 3 12
127 121 2 12
127 122 1 12
127 127 13 12
127 128 1 12
127 129 4 12
127 131 1 12
128 88 1 12
128 127 1 12
129 127 4 12
130 52 34 10
131 127 1 12
133 95 6 12
134 6 1 12
135 22 2 12
136 136 2 12