0 0 4 1
0 1 40 0
0 2 2 9
0 4 6 6
0 5 5 9
0 7 59 0
0 8 6 9
0 10 2 0
0 64 11 9
0 76 6 5
0 101 8 9
1 0 40 0
1 3 16 4
1 4 4 9
1 7 50 0
1 8 2 5
1 10 4 6
1 101 6 7
2 0 2 9
2 2 4 9
2 4 12 6
2 5 12 9
2 20 5 9
2 85 4 8
3 1 16 4
4 0 6 6
4 1 4 9
4 2 12 6
4 4 20 6
4 5 2 8
4 6 2 8
4 7 6 8
4 8 4 5
4 20 13 8
4 52 8 6
4 85 4 6
5 0 5 9
5 2 12 9
5 4 2 8
5 5 6 9
5 11 20 0
5 85 10 8
6 4 2 8
6 8 6 8
6 9 12 7
6 13 6 8
6 18 7 5
6 28 4 9
6 72 22 9
6 78 6 8
6 103 14 8
7 0 59 0
7 1 50 0
7 4 6 8
7 16 2 9
7 72 2 9
7 101 32 7
7 103 4 9
8 0 6 9
8 1 2 5
8 4 4 5
8 6 6 8
8 18 10 5
8 77 2 9
8 85 31 6
9 6 12 7
9 18 5 5
10 0 2 0
10 1 4 6
10 17 16 8
10 31 12 9
10 33 6 9
10 35 10 7
10 76 6 6
11 5 20 0
11 11 2 9
12 33 14 9
12 35 4 9
12 93 3 9
13 6 6 8
13 13 3 9
13 18 2 6
13 43 2 9
13 80 26 6
14 21 4 6
14 23 67 3
14 30 8 9
14 42 20 9
14 66 11 5
14 69 20 8
14 81 4 9
14 94 12 7
15 15 3 9
15 20 10 8
15 33 86 7
15 49 4 9
15 67 6 9
15 99 12 7
16 7 2 9
16 22 4 5
16 26 18 9
16 31 3 9
16 36 40 5
16 106 3 9
17 10 16 8
17 20 9 8
17 35 8 3
17 36 30 7
17 53 3 9
18 6 7 5
18 8 10 5
18 9 5 5
18 13 2 6
18 18 2 8
18 103 6 9
19 56 15 7
20 2 5 9
20 4 13 8
20 15 10 8
20 17 9 8
20 20 10 9
20 22 6 7
20 26 49 5
20 27 83 3
20 30 37 7
20 46 92 7
20 63 38 8
21 14 4 6
21 23 18 4
21 42 3 7
22 16 4 5
22 20 6 7
22 26 6 7
22 27 4 9
22 31 21 5
22 33 2 6
22 35 7 9
22 36 43 5
22 40 4 9
22 49 14 7
22 50 7 9
22 55 3 8
22 57 4 9
22 63 14 8
22 67 11 7
22 78 7 7
23 14 67 3
23 21 18 4
23 23 1 8
23 30 8 3
23 39 6 8
23 42 9 9
23 45 4 9
23 54 7 9
24 24 4 9
24 25 43 7
24 41 4 9
24 55 3 9
24 65 2 7
25 24 43 7
26 16 18 9
26 20 49 5
26 22 6 7
26 27 29 5
26 30 2 9
26 46 38 6
27 20 83 3
27 22 4 9
27 26 29 5
27 27 6 9
27 33 3 9
27 36 4 9
27 46 89 7
28 6 4 9
28 29 7 3
28 44 17 3
29 28 7 3
29 44 5 9
29 74 8 5
29 87 19 7
30 14 8 9
30 20 37 7
30 23 8 3
30 26 2 9
30 39 49 3
30 46 4 8
31 10 12 9
31 16 3 9
31 22 21 5
31 35 22 9
31 36 4 9
31 67 5 8
33 10 6 9
33 12 14 9
33 15 86 7
33 22 2 6
33 27 3 9
33 33 6 9
33 35 12 6
33 49 6 6
33 76 4 8
33 83 6 9
34 35 5 9
35 10 10 7
35 12 4 9
35 17 8 3
35 22 7 9
35 31 22 9
35 33 12 6
35 34 5 9
35 35 35 3
35 36 32 9
35 49 10 8
35 50 6 8
35 67 7 9
35 73 3 9
36 16 40 5
36 17 30 7
36 22 43 5
36 27 4 9
36 31 4 9
36 35 32 9
36 36 5 9
36 40 7 7
36 47 6 9
36 49 27 5
36 50 3 9
36 57 2 8
36 63 8 9
36 76 14 7
36 78 9 9
38 39 8 7
38 45 4 8
38 61 8 8
39 23 6 8
39 30 49 3
39 38 8 7
39 45 3 9
39 61 3 9
40 22 4 9
40 36 7 7
40 77 4 6
40 86 8 9
40 96 8 9
40 104 4 8
41 24 4 9
42 14 20 9
42 21 3 7
42 23 9 9
42 54 6 9
43 13 2 9
44 28 17 3
44 29 5 9
44 44 2 7
44 56 8 7
44 71 6 6
44 81 10 6
45 23 4 9
45 38 4 8
45 39 3 9
46 20 92 7
46 26 38 6
46 27 89 7
46 30 4 8
46 46 49 8
47 36 6 9
47 48 4 9
47 116 7 9
48 47 4 9
48 81 4 7
49 15 4 9
49 22 14 7
49 33 6 6
49 35 10 8
49 36 27 5
49 49 12 9
50 22 7 9
50 35 6 8
50 36 3 9
50 67 4 9
52 4 8 6
53 17 3 9
54 23 7 9
54 42 6 9
55 22 3 8
55 24 3 9
55 86 4 9
56 19 15 7
56 44 8 7
56 81 8 7
56 104 7 9
57 22 4 9
57 36 2 8
58 96 11 8
61 38 8 8
61 39 3 9
62 71 6 9
63 20 38 8
63 22 14 8
63 36 8 9
64 0 11 9
65 24 2 7
66 14 11 5
66 81 12 6
66 82 4 9
67 15 6 9
67 22 11 7
67 31 5 8
67 35 7 9
67 50 4 9
69 14 20 8
71 44 6 6
71 62 6 9
71 81 4 8
72 6 22 9
72 7 2 9
72 78 3 9
72 111 4 8
73 35 3 9
74 29 8 5
74 87 14 8
74 94 6 9
74 107 3 9
75 87 5 9
75 94 3 8
75 104 3 9
75 124 3 9
76 0 6 5
76 10 6 6
76 33 4 8
76 36 14 7
76 87 3 9
77 8 2 9
77 40 4 6
78 6 6 8
78 22 7 7
78 36 9 9
78 72 3 9
78 80 5 9
78 81 4 9
80 13 26 6
80 78 5 9
81 14 4 9
81 44 10 6
81 48 4 7
81 56 8 7
81 66 12 6
81 71 4 8
81 78 4 9
81 82 4 7
82 66 4 9
82 81 4 7
82 84 7 9
82 102 4 9
83 33 6 9
83 102 18 8
84 82 7 9
85 2 4 8
85 4 4 6
85 5 10 8
85 8 31 6
85 85 4 9
86 40 8 9
86 55 4 9
87 29 19 7
87 74 14 8
87 75 5 9
87 76 3 9
87 107 50 8
89 89 1 9
92 100 3 7
93 12 3 9
94 14 12 7
94 74 6 9
94 75 3 8
94 94 9 9
94 95 4 6
95 94 4 6
96 40 8 9
96 58 11 8
99 15 12 7
100 92 3 7
101 0 8 9
101 1 6 7
101 7 32 7
102 82 4 9
102 83 18 8
102 110 21 8
103 6 14 8
103 7 4 9
103 18 6 9
103 103 9 9
104 40 4 8
104 56 7 9
104 75 3 9
105 120 7 9
106 16 3 9
107 74 3 9
107 87 50 8
110 102 21 8
111 72 4 8
111 114 31 9
111 118 4 9
111 121 7 9
111 123 3 9
114 111 31 9
114 122 6 9
115 117 3 9
116 47 7 9
117 115 3 9
118 111 4 9
119 119 3 9
120 105 7 9
121 111 7 9
122 114 6 9
123 111 3 9
124 75 3 9