0 0 2 1
0 1 60 0
0 2 2 6
0 4 2 6
0 7 52 0
0 8 5 6
0 10 17 0
0 76 17 5
1 0 60 0
1 3 32 4
1 5 2 6
1 7 52 0
1 8 12 5
1 9 15 5
1 10 22 6
1 38 4 6
1 88 2 6
1 95 2 6
2 0 2 6
2 2 2 5
2 4 4 6
3 1 32 4
4 0 2 6
4 2 4 6
4 4 15 6
4 5 4 6
4 8 2 5
4 13 6 6
4 20 2 6
4 22 6 6
4 26 4 6
4 52 2 6
4 85 12 6
5 1 2 6
5 4 4 6
5 11 12 0
5 16 12 5
5 22 2 6
6 8 2 5
6 18 12 5
7 0 52 0
7 1 52 0
7 7 2 6
8 0 5 6
8 1 12 5
8 4 2 5
8 6 2 5
8 18 6 5
8 22 1 6
8 36 4 6
8 40 7 6
8 85 4 6
9 1 15 5
9 18 20 5
10 0 17 0
10 1 22 6
10 10 2 6
10 17 4 6
10 31 6 5
10 55 3 6
10 64 4 5
10 76 3 6
11 5 12 0
12 36 4 6
12 40 8 6
12 55 4 6
13 4 6 6
13 14 4 4
13 18 4 6
13 80 2 6
14 13 4 4
14 21 3 6
14 23 35 3
14 30 4 4
14 42 6 6
14 46 3 3
14 66 4 5
15 17 16 6
15 31 4 6
15 53 3 6
16 5 12 5
16 22 8 5
16 36 14 5
17 10 4 6
17 15 16 6
17 35 5 3
17 76 4 6
18 6 12 5
18 8 6 5
18 9 20 5
18 13 4 6
18 18 2 5
18 58 9 5
18 89 2 6
19 68 12 5
19 82 4 6
20 4 2 6
20 26 23 5
20 27 15 3
21 14 3 6
21 23 8 4
21 90 3 6
22 4 6 6
22 5 2 6
22 8 1 6
22 16 8 5
22 22 4 6
22 27 12 5
22 31 38 5
22 33 34 6
22 36 59 5
22 73 28 5
23 14 35 3
23 21 8 4
23 30 9 3
23 38 4 5
24 24 12 3
24 41 4 3
24 55 4 4
26 4 4 6
26 20 23 5
26 27 7 5
26 46 5 6
27 20 15 3
27 22 12 5
27 26 7 5
27 36 10 6
28 29 14 3
28 44 8 3
29 28 14 3
29 44 3 6
29 74 7 5
29 77 12 5
30 14 4 4
30 23 9 3
30 39 6 3
30 46 3 6
31 10 6 5
31 15 4 6
31 22 38 5
31 33 7 6
31 35 5 6
31 67 6 6
33 22 34 6
33 31 7 6
33 35 5 6
33 36 19 4
33 40 4 6
33 49 7 6
33 55 4 6
33 67 6 6
33 81 7 6
35 17 5 3
35 31 5 6
35 33 5 6
35 35 27 3
35 36 6 6
35 49 5 3
35 63 4 6
35 67 5 5
36 8 4 6
36 12 4 6
36 16 14 5
36 22 59 5
36 27 10 6
36 33 19 4
36 35 6 6
36 47 6 6
36 49 25 5
36 53 3 6
38 1 4 6
38 23 4 5
38 61 3 6
39 30 6 3
40 8 7 6
40 12 8 6
40 33 4 6
40 58 4 6
40 74 4 6
40 77 4 6
40 81 4 6
40 83 4 6
40 87 3 6
40 96 7 6
41 24 4 3
42 14 6 6
44 28 8 3
44 29 3 6
44 71 6 6
44 81 4 6
44 84 9 6
44 86 4 6
46 14 3 3
46 26 5 6
46 30 3 6
47 36 6 6
47 78 3 6
49 33 7 6
49 35 5 3
49 36 25 5
52 4 2 6
53 15 3 6
53 36 3 6
53 55 3 6
53 96 3 6
55 10 3 6
55 12 4 6
55 24 4 4
55 33 4 6
55 53 3 6
55 83 8 6
55 89 4 6
56 82 19 6
58 18 9 5
58 40 4 6
58 74 3 6
58 96 6 6
61 38 3 6
63 35 4 6
64 10 4 5
64 65 4 6
65 64 4 6
66 14 4 5
66 81 12 6
67 31 6 6
67 33 6 6
67 35 5 5
67 79 2 6
68 19 12 5
71 44 6 6
71 81 4 6
73 22 28 5
74 29 7 5
74 40 4 6
74 58 3 6
74 87 11 6
76 0 17 5
76 10 3 6
76 17 4 6
77 29 12 5
77 40 4 6
78 47 3 6
79 67 2 6
80 13 2 6
81 33 7 6
81 40 4 6
81 44 4 6
81 66 12 6
81 71 4 6
82 19 4 6
82 56 19 6
82 91 4 6
83 40 4 6
83 55 8 6
84 44 9 6
85 4 12 6
85 8 4 6
86 44 4 6
87 40 3 6
87 74 11 6
88 1 2 6
89 18 2 6
89 55 4 6
90 21 3 6
90 90 3 6
91 82 4 6
92 93 7 6
93 92 7 6
94 95 4 6
95 1 2 6
95 94 4 6
96 40 7 6
96 53 3 6
96 58 6 6
97 97 5 6
