0 0 8 1
0 1 40 0
0 4 4 3
0 5 4 4
0 7 69 0
0 9 6 0
0 10 16 0
0 56 2 4
1 0 40 0
1 3 8 4
1 7 10 0
1 10 2 4
1 57 4 4
1 60 2 4
3 1 8 4
3 7 28 0
4 0 4 3
4 4 4 3
4 7 8 2
4 10 6 4
4 11 14 4
4 16 2 4
4 52 2 4
5 0 4 4
5 8 2 2
5 11 45 0
6 51 4 4
7 0 69 0
7 1 10 0
7 3 28 0
7 4 8 2
8 5 2 2
8 24 7 3
9 0 6 0
10 0 16 0
10 1 2 4
10 4 6 4
10 10 2 3
10 12 3 3
10 17 6 4
10 35 13 3
10 36 3 4
10 63 2 4
11 4 14 4
11 5 45 0
11 16 2 4
12 10 3 3
12 17 7 4
12 22 4 4
12 33 7 4
13 14 16 4
13 50 2 4
14 13 16 4
14 23 51 3
14 30 4 4
14 42 22 3
14 46 4 3
16 4 2 4
16 11 2 4
17 10 6 4
17 12 7 4
17 35 4 3
19 51 4 4
19 62 4 4
20 20 4 4
20 27 32 3
20 35 5 4
20 63 6 4
21 23 11 4
22 12 4 4
22 53 4 4
23 14 51 3
23 21 11 4
23 23 4 4
23 30 6 3
23 54 3 4
24 8 7 3
24 24 2 3
24 25 6 3
24 41 4 3
24 55 15 4
24 58 11 4
24 65 4 4
25 24 6 3
26 35 3 4
27 20 32 3
28 29 2 3
28 44 4 3
28 59 1 4
29 28 2 3
30 14 4 4
30 23 6 3
30 39 4 3
31 49 4 4
33 12 7 4
33 36 3 4
33 64 8 4
35 10 13 3
35 17 4 3
35 20 5 4
35 26 3 4
35 35 4 3
35 49 1 3
35 53 6 4
35 61 5 4
36 10 3 4
36 33 3 4
36 36 2 4
36 37 7 3
36 47 6 4
37 36 7 3
37 47 2 4
38 39 6 3
39 30 4 3
39 38 6 3
41 24 4 3
42 14 22 3
44 28 4 3
46 14 4 3
47 36 6 4
47 37 2 4
49 31 4 4
49 35 1 3
50 13 2 4
51 6 4 4
51 19 4 4
51 51 4 4
51 56 3 4
52 4 2 4
53 22 4 4
53 35 6 4
54 23 3 4
55 24 15 4
56 0 2 4
56 51 3 4
57 1 4 4
58 24 11 4
59 28 1 4
60 1 2 4
61 35 5 4
62 19 4 4
63 10 2 4
63 20 6 4
64 33 8 4
65 24 4 4
