0 0 2 1
0 1 34 0
0 4 2 3
0 7 34 0
0 8 4 0
0 9 5 0
0 10 39 0
1 0 34 0
1 5 6 3
1 6 2 3
1 7 8 0
1 9 10 3
2 4 2 3
2 45 2 3
3 4 2 3
3 7 28 0
4 0 2 3
4 2 2 3
4 3 2 3
4 4 4 3
4 5 27 3
4 7 2 2
4 8 3 3
4 15 2 3
4 17 6 3
4 20 10 3
5 1 6 3
5 4 27 3
5 7 2 3
5 8 2 2
5 11 22 0
5 16 2 3
6 1 2 3
6 13 12 3
7 0 34 0
7 1 8 0
7 3 28 0
7 4 2 2
7 5 2 3
7 11 2 3
8 0 4 0
8 4 3 3
8 5 2 2
8 24 4 3
9 0 5 0
9 1 10 3
10 0 39 0
10 10 2 3
10 12 4 3
10 31 3 3
10 35 11 3
11 5 22 0
11 7 2 3
12 10 4 3
12 31 7 3
13 6 12 3
13 43 2 3
14 14 9 3
14 21 4 3
14 23 50 3
14 42 4 3
14 46 4 3
15 4 2 3
16 5 2 3
17 4 6 3
17 35 13 3
20 4 10 3
20 26 6 3
20 27 6 3
21 14 4 3
23 14 50 3
23 30 11 3
24 8 4 3
24 24 7 3
24 25 36 3
24 40 17 3
24 41 4 3
25 24 36 3
26 20 6 3
26 46 2 3
27 20 6 3
27 35 14 3
28 29 3 3
28 44 1 3
29 28 3 3
30 23 11 3
30 35 5 3
30 38 3 3
30 39 2 3
31 10 3 3
31 12 7 3
31 31 7 3
31 32 24 3
31 33 4 3
32 31 24 3
33 31 4 3
34 35 10 3
35 10 11 3
35 17 13 3
35 27 14 3
35 30 5 3
35 34 10 3
35 35 1 3
35 49 5 3
36 37 4 3
37 36 4 3
38 30 3 3
38 39 2 3
39 30 2 3
39 38 2 3
40 24 17 3
41 24 4 3
42 14 4 3
43 13 2 3
44 28 1 3
45 2 2 3
46 14 4 3
46 26 2 3
47 48 3 3
48 47 3 3
49 35 5 3
