0 0 17 1
0 1 39 0
0 3 2 5
0 7 91 0
0 10 15 0
0 76 10 5
1 0 39 0
1 1 4 5
1 3 24 4
1 7 38 0
1 8 2 5
1 9 12 5
2 2 2 5
2 7 2 5
3 0 2 5
3 1 24 4
3 4 2 5
3 7 12 0
3 18 2 5
4 3 2 5
4 8 2 5
5 5 2 5
5 8 2 2
5 11 30 0
5 16 2 5
6 8 1 5
6 18 4 5
7 0 91 0
7 1 38 0
7 2 2 5
7 3 12 0
7 72 2 5
8 1 2 5
8 4 2 5
8 5 2 2
8 6 1 5
8 18 12 5
9 1 12 5
9 18 12 5
10 0 15 0
10 31 3 5
10 35 3 3
10 64 7 5
11 5 30 0
12 17 4 4
13 14 10 4
13 50 4 4
14 13 10 4
14 14 3 5
14 23 29 3
14 30 8 4
14 44 3 5
14 46 7 3
14 54 8 5
14 66 20 5
16 5 2 5
16 22 8 5
16 35 4 5
16 36 7 5
17 12 4 4
17 22 4 5
17 35 14 3
17 40 4 5
18 3 2 5
18 6 4 5
18 8 12 5
18 9 12 5
18 18 6 5
18 58 21 5
19 68 40 5
19 71 4 5
20 22 4 5
20 26 16 5
20 27 34 3
20 30 18 5
21 23 19 4
22 16 8 5
22 17 4 5
22 20 4 5
22 27 3 5
22 31 11 5
22 35 4 5
22 36 22 5
22 73 4 5
23 14 29 3
23 21 19 4
23 23 5 4
23 30 14 3
23 38 3 5
24 24 8 3
24 25 9 3
24 41 11 3
24 55 4 4
24 65 4 4
24 70 4 5
25 24 9 3
26 20 16 5
26 27 6 5
27 20 34 3
27 22 3 5
27 26 6 5
28 29 2 3
28 44 2 3
28 50 1 5
29 28 2 3
29 29 6 5
29 74 4 5
29 77 8 5
30 14 8 4
30 20 18 5
30 23 14 3
30 39 6 3
31 10 3 5
31 22 11 5
31 36 4 5
31 38 3 5
33 36 4 4
35 10 3 3
35 16 4 5
35 17 14 3
35 22 4 5
35 35 14 3
35 49 8 3
35 50 1 5
35 67 5 5
36 16 7 5
36 22 22 5
36 31 4 5
36 33 4 4
36 37 8 3
36 49 3 5
36 57 4 5
36 78 4 5
37 36 8 3
37 47 6 4
38 23 3 5
38 31 3 5
38 39 2 3
39 30 6 3
39 38 2 3
40 17 4 5
41 24 11 3
44 14 3 5
44 28 2 3
46 14 7 3
47 37 6 4
49 35 8 3
49 36 3 5
50 13 4 4
50 28 1 5
50 35 1 5
53 67 4 5
54 14 8 5
55 24 4 4
57 36 4 5
58 18 21 5
62 71 4 5
64 10 7 5
64 69 4 5
65 24 4 4
66 14 20 5
67 35 5 5
67 53 4 5
68 19 40 5
69 64 4 5
70 24 4 5
71 19 4 5
71 62 4 5
72 7 2 5
73 22 4 5
73 75 3 5
74 29 4 5
75 73 3 5
76 0 10 5
77 29 8 5
78 36 4 5
