0 0 4 1
0 1 58 0
0 3 2 10
0 4 2 6
0 7 63 0
0 10 6 0
0 76 12 5
0 101 4 9
1 0 58 0
1 1 3 10
1 3 4 4
1 5 10 10
1 7 53 0
1 8 4 5
1 9 2 10
1 10 4 6
1 13 2 10
1 85 6 10
1 101 16 7
1 103 5 10
2 4 2 6
2 5 2 9
2 33 4 10
3 0 2 10
3 1 4 4
3 5 2 10
3 7 6 10
4 0 2 6
4 2 2 6
4 4 12 6
4 7 4 8
4 26 4 10
4 52 2 6
4 85 7 6
5 1 10 10
5 2 2 9
5 3 2 10
5 11 38 0
5 85 5 8
6 8 8 8
6 9 14 7
6 18 49 5
6 72 43 9
6 96 3 10
6 103 4 8
7 0 63 0
7 1 53 0
7 3 6 10
7 4 4 8
7 7 2 10
7 72 9 9
7 101 88 7
7 103 24 9
8 1 4 5
8 6 8 8
8 9 6 10
8 13 2 10
8 18 14 5
8 81 4 10
8 85 68 6
9 1 2 10
9 6 14 7
9 8 6 10
9 18 20 5
9 41 2 10
10 0 6 0
10 1 4 6
10 16 6 10
10 22 5 10
10 26 3 10
10 31 15 9
10 33 1 9
10 36 3 10
10 48 1 10
10 53 4 10
10 76 4 6
10 77 6 10
10 83 4 10
11 5 38 0
12 33 3 9
12 56 4 10
12 69 4 10
12 93 3 9
12 100 7 10
13 1 2 10
13 8 2 10
13 13 2 9
13 18 14 6
13 72 2 10
13 78 2 10
13 80 50 6
13 108 4 10
14 21 4 6
14 23 59 3
14 42 3 9
14 46 16 10
14 61 1 10
14 81 9 9
14 94 11 7
15 15 4 9
15 17 4 10
15 33 73 7
15 45 3 10
15 53 4 10
15 99 12 7
16 10 6 10
16 22 11 5
16 26 1 9
16 36 1 5
17 15 4 10
17 22 7 10
17 31 8 10
17 33 6 10
17 35 10 3
17 49 1 10
17 76 3 10
18 6 49 5
18 8 14 5
18 9 20 5
18 13 14 6
18 103 16 9
19 44 3 10
20 20 9 9
20 22 14 7
20 26 88 5
20 27 35 3
20 30 11 7
20 33 6 10
20 46 60 7
20 63 10 8
21 14 4 6
22 10 5 10
22 16 11 5
22 17 7 10
22 20 14 7
22 26 7 7
22 31 8 5
22 36 54 5
22 49 12 7
22 52 3 10
22 53 4 10
22 63 8 8
22 78 4 7
22 83 7 10
23 14 59 3
23 30 10 3
23 34 4 10
23 38 7 10
23 45 8 9
23 46 5 10
23 54 7 9
23 80 3 10
23 112 5 10
24 24 4 9
24 25 12 7
24 41 7 9
24 51 2 10
24 55 7 9
24 65 2 7
24 74 2 10
24 102 6 10
25 24 12 7
26 4 4 10
26 10 3 10
26 16 1 9
26 20 88 5
26 22 7 7
26 27 60 5
26 36 4 10
26 46 142 6
26 85 3 10
27 20 35 3
27 26 60 5
27 46 26 7
28 29 18 3
28 44 16 3
28 50 1 10
29 28 18 3
29 29 4 10
29 44 10 9
29 66 3 10
29 74 9 5
29 87 12 7
29 107 6 10
30 20 11 7
30 23 10 3
31 10 15 9
31 17 8 10
31 22 8 5
31 31 5 10
31 36 4 9
31 53 7 10
31 69 10 10
33 2 4 10
33 10 1 9
33 12 3 9
33 15 73 7
33 17 6 10
33 20 6 10
33 35 31 6
33 36 3 10
33 49 3 6
33 67 3 10
34 23 4 10
35 17 10 3
35 33 31 6
35 35 12 3
36 10 3 10
36 16 1 5
36 22 54 5
36 26 4 10
36 31 4 9
36 33 3 10
36 55 4 10
36 59 4 10
36 69 8 10
36 81 4 10
38 23 7 10
38 61 16 8
40 55 8 10
40 58 3 10
41 9 2 10
41 24 7 9
42 14 3 9
44 19 3 10
44 28 16 3
44 29 10 9
44 44 3 7
44 62 13 10
44 71 15 6
44 81 16 6
44 84 5 10
44 91 4 10
44 125 3 10
45 15 3 10
45 23 8 9
45 61 1 10
46 14 16 10
46 20 60 7
46 23 5 10
46 26 142 6
46 27 26 7
46 46 10 8
48 10 1 10
48 81 11 7
49 17 1 10
49 22 12 7
49 33 3 6
50 28 1 10
51 24 2 10
52 4 2 6
52 22 3 10
52 67 1 10
52 130 12 10
53 10 4 10
53 15 4 10
53 22 4 10
53 31 7 10
54 23 7 9
55 24 7 9
55 36 4 10
55 40 8 10
55 74 8 10
55 75 4 10
55 83 6 10
55 89 4 10
55 102 12 10
56 12 4 10
56 81 15 7
56 125 4 10
58 40 3 10
58 96 4 8
58 103 1 10
58 104 3 10
59 36 4 10
59 59 54 10
61 14 1 10
61 38 16 8
61 45 1 10
61 79 1 10
62 44 13 10
62 81 22 10
62 91 1 10
63 20 10 8
63 22 8 8
63 79 2 10
65 24 2 7
66 29 3 10
66 81 17 6
67 33 3 10
67 52 1 10
69 12 4 10
69 31 10 10
69 36 8 10
69 75 7 10
69 81 3 10
71 44 15 6
72 6 43 9
72 7 9 9
72 13 2 10
72 78 6 9
72 101 3 10
72 103 5 10
74 24 2 10
74 29 9 5
74 55 8 10
74 87 4 8
74 94 7 9
75 55 4 10
75 69 7 10
75 83 4 10
75 94 21 8
75 124 3 9
76 0 12 5
76 10 4 6
76 17 3 10
77 10 6 10
78 13 2 10
78 22 4 7
78 72 6 9
78 80 5 9
79 61 1 10
79 63 2 10
79 103 1 10
80 13 50 6
80 23 3 10
80 78 5 9
80 81 6 10
81 8 4 10
81 14 9 9
81 36 4 10
81 44 16 6
81 48 11 7
81 56 15 7
81 62 22 10
81 66 17 6
81 69 3 10
81 80 6 10
81 82 15 7
81 87 8 10
81 91 8 10
82 81 15 7
82 82 3 10
82 102 4 9
83 10 4 10
83 22 7 10
83 55 6 10
83 75 4 10
84 44 5 10
85 1 6 10
85 4 7 6
85 5 5 8
85 8 68 6
85 26 3 10
85 85 16 9
87 29 12 7
87 74 4 8
87 81 8 10
87 107 39 8
89 55 4 10
91 44 4 10
91 62 1 10
91 81 8 10
93 12 3 9
94 14 11 7
94 74 7 9
94 75 21 8
94 94 6 9
94 95 7 6
95 94 7 6
96 6 3 10
96 58 4 8
96 96 3 10
97 97 12 10
99 15 12 7
100 12 7 10
101 0 4 9
101 1 16 7
101 7 88 7
101 72 3 10
101 103 2 10
102 24 6 10
102 55 12 10
102 82 4 9
102 110 28 8
103 1 5 10
103 6 4 8
103 7 24 9
103 18 16 9
103 58 1 10
103 72 5 10
103 79 1 10
103 101 2 10
103 103 7 9
104 58 3 10
105 105 9 10
107 29 6 10
107 87 39 8
108 13 4 10
110 102 28 8
111 114 58 9
111 117 4 10
111 126 4 10
111 127 7 10
111 128 29 10
111 129 4 10
112 23 5 10
114 111 58 9
114 126 3 10
117 111 4 10
121 127 3 10
124 75 3 9
125 44 3 10
125 56 4 10
126 111 4 10
126 114 3 10
127 111 7 10
127 121 3 10
128 111 29 10
129 111 4 10
130 52 12 10