0 0 4 1
0 1 32 0
0 2 2 11
0 5 4 11
0 7 41 0
0 8 2 11
0 10 2 0
0 13 2 11
0 76 2 5
1 0 32 0
1 3 12 4
1 7 16 0
1 101 12 7
1 103 2 10
2 0 2 11
2 4 3 6
2 5 4 9
2 10 1 11
2 77 1 11
3 1 12 4
4 2 3 6
4 4 2 6
4 5 8 11
4 20 16 11
4 26 4 10
4 46 5 11
4 52 5 6
5 0 4 11
5 2 4 9
5 4 8 11
5 8 2 11
5 11 25 0
5 85 36 8
5 110 6 11
5 118 3 11
6 8 4 8
6 9 32 7
6 18 40 5
6 40 6 11
6 72 54 9
6 103 9 8
7 0 41 0
7 1 16 0
7 7 2 10
7 8 2 11
7 9 8 11
7 72 24 9
7 101 38 7
7 103 11 9
8 0 2 11
8 5 2 11
8 6 4 8
8 7 2 11
8 9 4 10
8 13 8 10
8 18 10 5
8 55 5 11
8 59 2 11
8 85 78 6
9 6 32 7
9 7 8 11
9 8 4 10
9 18 22 5
9 85 4 11
9 89 2 11
9 103 2 11
10 0 2 0
10 2 1 11
10 10 2 11
10 15 15 11
10 16 11 10
10 17 3 11
10 22 1 10
10 27 1 11
10 30 1 11
10 31 34 9
10 35 9 11
10 36 3 10
10 40 5 11
10 76 2 6
10 77 11 10
11 5 25 0
12 36 4 11
13 0 2 11
13 8 8 10
13 18 57 6
13 72 30 10
13 78 106 10
13 80 37 6
13 95 2 11
13 103 2 11
13 108 8 10
14 14 6 11
14 21 2 6
14 23 24 3
14 30 2 11
14 42 2 9
14 44 10 11
14 46 16 10
14 56 2 11
14 66 9 11
14 108 2 11
15 10 15 11
15 15 3 9
15 20 19 11
15 33 12 7
15 36 3 11
15 63 11 11
15 67 4 11
16 10 11 10
16 36 16 5
16 76 4 11
16 118 1 11
17 10 3 11
17 22 9 10
17 27 1 11
17 36 5 11
17 49 4 10
18 6 40 5
18 8 10 5
18 9 22 5
18 13 57 6
18 18 2 11
18 72 46 11
18 80 2 11
18 85 6 11
18 103 44 9
18 108 14 11
19 81 4 11
20 4 16 11
20 15 19 11
20 20 6 9
20 26 23 5
20 27 84 3
20 30 6 7
20 36 5 11
20 38 4 11
20 39 9 11
20 46 47 7
20 52 6 11
20 63 14 8
20 67 10 11
20 79 9 11
20 82 4 11
21 14 2 6
21 23 4 11
21 42 4 11
21 54 2 11
22 10 1 10
22 17 9 10
22 27 6 11
22 49 1 7
22 53 4 10
22 67 9 11
22 79 3 11
23 14 24 3
23 21 4 11
23 30 5 3
24 25 10 7
24 55 11 9
24 65 8 7
24 74 4 10
25 24 10 7
26 4 4 10
26 20 23 5
26 27 38 5
26 36 3 10
26 46 170 6
27 10 1 11
27 17 1 11
27 20 84 3
27 22 6 11
27 26 38 5
27 27 3 11
27 36 3 11
27 46 106 7
28 29 5 3
28 44 19 3
28 50 2 10
28 134 2 11
29 28 5 3
29 44 8 9
29 74 6 5
29 87 24 7
29 96 11 11
29 104 3 11
29 107 6 10
30 10 1 11
30 14 2 11
30 20 6 7
30 23 5 3
30 30 2 11
30 39 6 11
31 10 34 9
31 31 2 10
31 39 2 11
31 49 7 11
31 67 5 11
31 76 5 11
33 15 12 7
33 35 4 6
33 39 6 11
33 67 4 10
33 83 11 11
34 35 14 11
35 10 9 11
35 33 4 6
35 34 14 11
35 39 16 11
35 76 6 11
36 10 3 10
36 12 4 11
36 15 3 11
36 16 16 5
36 17 5 11
36 20 5 11
36 26 3 10
36 27 3 11
36 36 1 11
36 39 15 11
36 40 5 11
36 47 2 11
36 50 1 11
36 53 4 11
36 55 6 10
36 63 1 11
36 78 2 11
36 81 5 10
38 20 4 11
38 39 17 11
38 61 2 8
38 67 2 11
39 20 9 11
39 30 6 11
39 31 2 11
39 33 6 11
39 35 16 11
39 36 15 11
39 38 17 11
39 67 1 11
39 73 3 11
40 6 6 11
40 10 5 11
40 36 5 11
40 55 24 10
40 86 10 11
42 14 2 9
42 21 4 11
44 14 10 11
44 28 19 3
44 29 8 9
44 44 3 7
44 56 1 11
44 62 4 10
44 71 22 6
44 81 32 6
44 91 9 10
44 125 10 10
46 4 5 11
46 14 16 10
46 20 47 7
46 26 170 6
46 27 106 7
46 46 5 8
47 36 2 11
47 48 5 11
47 66 3 11
47 78 4 11
47 98 6 11
47 132 5 11
48 47 5 11
48 66 1 11
48 125 3 11
49 17 4 10
49 22 1 7
49 31 7 11
50 28 2 10
50 36 1 11
50 50 68 11
50 72 9 11
52 4 5 6
52 20 6 11
52 63 1 11
52 130 56 10
53 22 4 10
53 36 4 11
54 21 2 11
55 8 5 11
55 24 11 9
55 36 6 10
55 40 24 10
55 59 6 11
55 64 4 11
55 65 8 11
55 74 6 10
55 86 6 11
55 102 10 10
56 14 2 11
56 44 1 11
56 66 6 11
56 71 4 11
56 72 8 11
56 81 4 7
56 91 6 11
58 70 1 11
59 8 2 11
59 55 6 11
61 38 2 8
62 44 4 10
62 62 1 11
63 15 11 11
63 20 14 8
63 36 1 11
63 52 1 11
64 55 4 11
64 89 5 11
65 24 8 7
65 55 8 11
65 95 2 11
66 14 9 11
66 47 3 11
66 48 1 11
66 56 6 11
66 81 13 6
66 125 2 11
67 15 4 11
67 20 10 11
67 22 9 11
67 31 5 11
67 33 4 10
67 38 2 11
67 39 1 11
67 79 1 11
69 75 9 10
69 124 5 11
70 58 1 11
71 44 22 6
71 56 4 11
71 81 4 11
72 6 54 9
72 7 24 9
72 13 30 10
72 18 46 11
72 50 9 11
72 56 8 11
72 78 7 9
72 81 7 11
72 101 1 10
72 103 24 10
73 39 3 11
74 24 4 10
74 29 6 5
74 55 6 10
74 94 3 9
75 69 9 10
75 75 3 11
75 94 4 8
75 95 3 11
75 124 11 9
76 0 2 5
76 10 2 6
76 16 4 11
76 31 5 11
76 35 6 11
77 2 1 11
77 10 11 10
77 95 1 11
77 104 2 11
78 13 106 10
78 36 2 11
78 47 4 11
78 72 7 9
78 80 18 9
78 81 3 11
78 108 1 11
79 20 9 11
79 22 3 11
79 67 1 11
79 79 4 11
80 13 37 6
80 18 2 11
80 78 18 9
80 87 4 11
81 19 4 11
81 36 5 10
81 44 32 6
81 56 4 7
81 66 13 6
81 71 4 11
81 72 7 11
81 78 3 11
81 126 4 11
82 20 4 11
83 33 11 11
83 89 3 11
83 102 14 11
85 5 36 8
85 8 78 6
85 9 4 11
85 18 6 11
85 85 21 9
85 127 47 11
86 40 10 11
86 55 6 11
87 29 24 7
87 80 4 11
87 107 7 8
87 108 4 11
89 9 2 11
89 64 5 11
89 83 3 11
91 44 9 10
91 56 6 11
93 98 4 11
93 116 4 11
94 74 3 9
94 75 4 8
94 95 10 6
95 13 2 11
95 65 2 11
95 75 3 11
95 77 1 11
95 94 10 6
95 95 1 11
96 29 11 11
98 47 6 11
98 93 4 11
98 118 1 11
100 105 10 11
100 118 5 11
100 120 3 11
101 1 12 7
101 7 38 7
101 72 1 10
102 55 10 10
102 83 14 11
102 110 20 8
103 1 2 10
103 6 9 8
103 7 11 9
103 9 2 11
103 13 2 11
103 18 44 9
103 72 24 10
103 103 16 9
104 29 3 11
104 77 2 11
105 100 10 11
107 29 6 10
107 87 7 8
108 13 8 10
108 14 2 11
108 18 14 11
108 78 1 11
108 87 4 11
109 109 1 11
110 5 6 11
110 102 20 8
111 114 52 9
111 127 8 10
114 111 52 9
114 117 3 11
114 122 1 11
115 127 3 11
116 93 4 11
117 114 3 11
117 122 1 11
118 5 3 11
118 16 1 11
118 98 1 11
118 100 5 11
120 100 3 11
121 129 1 11
121 131 1 11
122 114 1 11
122 117 1 11
124 69 5 11
124 75 11 9
125 44 10 10
125 48 3 11
125 66 2 11
125 125 1 11
125 133 4 11
126 81 4 11
127 85 47 11
127 111 8 10
127 115 3 11
129 121 1 11
130 52 56 10
131 121 1 11
132 47 5 11
133 125 4 11
134 28 2 11