0 0 11 1
0 1 100 0
0 4 10 6
0 6 6 8
0 7 75 0
0 10 8 0
0 13 2 8
0 53 6 8
0 76 6 5
0 85 8 8
0 96 6 8
1 0 100 0
1 1 2 7
1 3 60 4
1 7 64 0
1 8 10 5
1 9 4 5
1 10 10 6
1 57 2 8
1 76 4 7
1 101 2 7
2 4 16 6
2 10 6 8
2 85 4 8
3 1 60 4
4 0 10 6
4 2 16 6
4 4 8 6
4 5 6 8
4 6 2 8
4 7 4 8
4 8 4 5
4 17 2 8
4 20 20 8
4 22 2 8
4 26 8 8
4 46 32 8
4 52 4 6
4 85 8 6
4 102 2 8
5 4 6 8
5 11 34 0
5 16 2 5
5 26 4 8
5 85 6 8
5 113 2 8
6 0 6 8
6 4 2 8
6 8 8 8
6 9 10 7
6 13 4 8
6 18 20 5
6 58 27 8
6 78 28 8
6 103 8 8
7 0 75 0
7 1 64 0
7 4 4 8
7 7 4 8
7 85 11 7
7 101 58 7
8 1 10 5
8 4 4 5
8 6 8 8
8 18 6 5
8 85 24 6
9 1 4 5
9 6 10 7
9 18 6 5
9 41 9 8
10 0 8 0
10 1 10 6
10 2 6 8
10 10 2 8
10 15 4 7
10 17 4 8
10 35 5 7
10 76 3 6
11 5 34 0
12 17 8 8
12 36 4 6
12 116 4 8
13 0 2 8
13 6 4 8
13 18 2 6
13 80 34 6
14 14 11 8
14 21 4 6
14 23 66 3
14 46 28 3
14 66 76 5
14 69 4 8
14 94 4 7
14 95 37 7
15 10 4 7
15 20 5 8
15 22 4 7
15 31 7 6
15 33 113 7
15 53 3 8
15 99 16 7
16 5 2 5
16 22 16 5
16 35 3 7
16 36 29 5
17 4 2 8
17 10 4 8
17 12 8 8
17 20 12 8
17 33 3 8
17 35 7 3
17 36 4 7
17 39 3 8
18 6 20 5
18 8 6 5
18 9 6 5
18 13 2 6
18 18 8 8
19 24 4 8
19 44 6 7
19 56 12 7
19 71 4 8
19 81 4 8
19 82 4 8
19 84 4 8
19 108 3 8
20 4 20 8
20 15 5 8
20 17 12 8
20 22 24 7
20 26 38 5
20 27 57 3
20 30 4 7
20 31 4 8
20 39 3 7
20 46 90 7
20 49 5 8
20 63 16 8
20 67 6 8
21 14 4 6
21 23 3 4
21 34 3 8
21 42 6 7
21 112 3 8
22 4 2 8
22 15 4 7
22 16 16 5
22 20 24 7
22 26 26 7
22 31 16 5
22 33 9 6
22 36 50 5
22 49 17 7
22 55 8 8
22 63 14 8
22 67 4 7
22 78 15 7
23 14 66 3
23 21 3 4
23 23 4 8
23 30 14 3
23 34 4 8
23 39 7 8
24 19 4 8
24 25 4 7
24 65 15 7
24 89 4 8
25 24 4 7
26 4 8 8
26 5 4 8
26 20 38 5
26 22 26 7
26 27 19 5
26 36 6 8
26 46 112 6
27 20 57 3
27 26 19 5
27 46 41 7
28 28 1 8
28 29 28 3
28 44 20 3
28 50 1 8
28 59 1 7
28 64 1 7
29 28 28 3
29 74 11 5
29 86 4 7
29 87 40 7
29 107 4 8
30 20 4 7
30 23 14 3
30 38 4 8
30 39 3 3
30 46 4 8
31 15 7 6
31 20 4 8
31 22 16 5
31 33 6 6
31 67 4 8
31 78 3 8
33 15 113 7
33 17 3 8
33 22 9 6
33 31 6 6
33 35 20 6
33 36 13 4
33 40 6 8
33 49 4 6
33 53 2 8
33 67 12 8
33 76 3 8
34 21 3 8
34 23 4 8
34 42 3 8
35 10 5 7
35 16 3 7
35 17 7 3
35 33 20 6
35 35 9 3
35 40 4 8
35 49 14 8
35 50 4 8
36 12 4 6
36 16 29 5
36 17 4 7
36 22 50 5
36 26 6 8
36 33 13 4
36 37 3 8
36 40 8 7
36 49 4 5
36 55 4 7
36 57 3 8
36 76 5 7
37 36 3 8
38 30 4 8
38 39 4 7
38 45 3 8
38 61 10 8
39 17 3 8
39 20 3 7
39 23 7 8
39 30 3 3
39 38 4 7
40 33 6 8
40 35 4 8
40 36 8 7
40 55 8 7
40 77 4 6
40 104 4 8
41 9 9 8
42 21 6 7
42 34 3 8
44 19 6 7
44 28 20 3
44 44 2 7
44 56 9 7
44 62 3 8
44 71 15 6
44 81 3 6
44 84 10 6
44 107 3 8
45 38 3 8
46 4 32 8
46 14 28 3
46 20 90 7
46 26 112 6
46 27 41 7
46 30 4 8
46 46 16 8
46 48 4 8
47 109 4 7
48 46 4 8
48 81 4 7
49 20 5 8
49 22 17 7
49 33 4 6
49 35 14 8
49 36 4 5
50 28 1 8
50 35 4 8
50 55 4 8
52 4 4 6
52 63 3 8
53 0 6 8
53 15 3 8
53 33 2 8
53 63 21 8
55 22 8 8
55 36 4 7
55 40 8 7
55 50 4 8
55 64 8 8
55 102 16 7
56 19 12 7
56 44 9 7
56 56 3 8
56 81 4 7
57 1 2 8
57 36 3 8
58 6 27 8
58 96 7 8
59 28 1 7
61 38 10 8
62 44 3 8
63 20 16 8
63 22 14 8
63 52 3 8
63 53 21 8
64 28 1 7
64 55 8 8
64 69 4 7
65 24 15 7
66 14 76 5
66 81 22 6
67 20 6 8
67 22 4 7
67 31 4 8
67 33 12 8
69 14 4 8
69 64 4 7
70 96 7 8
71 19 4 8
71 44 15 6
71 81 4 8
72 111 3 8
74 29 11 5
74 87 4 8
75 94 4 8
76 0 6 5
76 1 4 7
76 10 3 6
76 33 3 8
76 36 5 7
77 40 4 6
78 6 28 8
78 22 15 7
78 31 3 8
80 13 34 6
81 19 4 8
81 44 3 6
81 48 4 7
81 56 4 7
81 66 22 6
81 71 4 8
81 81 4 8
81 82 4 7
82 19 4 8
82 81 4 7
83 102 4 8
84 19 4 8
84 44 10 6
85 0 8 8
85 2 4 8
85 4 8 6
85 5 6 8
85 7 11 7
85 8 24 6
85 101 4 8
86 29 4 7
87 29 40 7
87 74 4 8
87 95 4 8
87 107 72 8
89 24 4 8
92 100 4 7
94 14 4 7
94 75 4 8
94 95 37 6
95 14 37 7
95 87 4 8
95 94 37 6
96 0 6 8
96 58 7 8
96 70 7 8
96 96 3 8
96 103 4 8
97 97 8 6
99 15 16 7
100 92 4 7
101 1 2 7
101 7 58 7
101 85 4 8
101 103 4 8
102 4 2 8
102 55 16 7
102 83 4 8
102 110 21 8
103 6 8 8
103 96 4 8
103 101 4 8
104 40 4 8
104 104 11 7
107 29 4 8
107 44 3 8
107 87 72 8
108 19 3 8
109 47 4 7
110 102 21 8
111 72 3 8
111 111 4 8
112 21 3 8
113 5 2 8
114 115 4 8
115 114 4 8
116 12 4 8