1 3 7 13
2 63 1 13
3 1 7 13
3 7 2 12
3 18 2 12
3 101 1 12
4 46 2 11
5 5 3 12
7 3 2 12
10 10 7 11
10 17 3 13
10 31 1 9
10 36 9 10
10 50 1 13
10 77 2 10
10 78 1 12
13 13 1 12
13 18 24 6
13 78 5 10
13 80 4 6
13 108 1 10
14 46 3 10
15 17 1 13
17 10 3 13
17 15 1 13
17 22 2 10
17 31 1 13
17 36 3 11
17 46 17 12
17 49 1 10
17 63 1 13
17 67 1 13
18 3 2 12
18 13 24 6
18 77 1 13
18 80 5 13
18 108 12 13
21 34 8 12
21 42 4 11
21 61 1 13
21 105 9 12
21 112 1 13
22 17 2 10
22 26 3 12
22 46 11 12
22 49 1 7
23 23 3 13
23 34 2 13
23 38 1 13
24 37 1 13
24 74 3 10
26 22 3 12
26 46 6 6
27 46 30 7
27 79 1 13
28 81 1 13
28 104 4 13
30 34 4 13
30 46 10 13
30 54 17 12
31 10 1 9
31 17 1 13
31 31 1 13
31 49 3 13
34 21 8 12
34 23 2 13
34 30 4 13
34 42 20 12
34 61 2 13
34 99 2 13
34 112 1 13
36 10 9 10
36 17 3 11
36 36 3 13
36 37 1 12
36 49 1 12
36 78 4 13
36 81 1 10
37 24 1 13
37 36 1 12
37 47 2 13
37 55 3 13
37 74 2 13
37 104 1 13
37 124 1 13
38 23 1 13
38 38 1 13
38 39 1 11
38 45 1 12
38 61 20 13
39 38 1 11
39 49 1 13
39 67 1 13
42 21 4 11
42 34 20 12
42 112 2 12
44 47 2 13
44 107 2 13
45 38 1 12
46 4 2 11
46 14 3 10
46 17 17 12
46 22 11 12
46 26 6 6
46 27 30 7
46 30 10 13
46 46 7 8
46 78 12 12
47 37 2 13
47 44 2 13
47 48 2 13
47 57 5 13
47 77 7 13
47 104 3 13
48 47 2 13
48 81 1 13
49 17 1 10
49 22 1 7
49 31 3 13
49 36 1 12
49 39 1 13
50 10 1 13
54 30 17 12
54 54 8 12
54 112 4 13
55 37 3 13
56 66 1 11
57 47 5 13
57 81 1 13
57 84 6 12
61 21 1 13
61 34 2 13
61 38 20 13
63 2 1 13
63 17 1 13
66 56 1 11
66 126 1 13
67 17 1 13
67 39 1 13
67 67 1 13
67 79 3 13
71 108 1 13
74 24 3 10
74 37 2 13
75 76 3 13
75 95 1 13
76 75 3 13
76 94 3 13
76 95 2 13
77 10 2 10
77 18 1 13
77 47 7 13
77 104 1 13
78 10 1 12
78 13 5 10
78 36 4 13
78 46 12 12
78 80 12 13
78 81 3 13
78 99 1 13
78 107 1 13
79 27 1 13
79 67 3 13
79 79 3 13
80 13 4 6
80 18 5 13
80 78 12 13
80 108 2 13
81 28 1 13
81 36 1 10
81 48 1 13
81 57 1 13
81 78 3 13
81 81 5 13
81 125 1 12
84 57 6 12
92 106 2 13
92 120 3 13
94 76 3 13
95 75 1 13
95 76 2 13
97 132 1 13
99 34 2 13
99 78 1 13
100 120 1 13
101 3 1 12
104 28 4 13
104 37 1 13
104 47 3 13
104 77 1 13
105 21 9 12
106 92 2 13
107 44 2 13
107 78 1 13
107 125 1 13
108 13 1 10
108 18 12 13
108 71 1 13
108 80 2 13
108 108 1 13
111 121 1 13
111 123 1 13
111 127 63 10
111 128 2 13
112 21 1 13
112 34 1 13
112 42 2 12
112 54 4 13
114 117 4 11
114 127 14 12
114 128 5 13
115 127 1 11
117 114 4 11
117 128 2 13
120 92 3 13
120 100 1 13
121 111 1 13
121 127 3 12
122 127 1 12
123 111 1 13
124 37 1 13
125 81 1 12
125 107 1 13
126 66 1 13
127 111 63 10
127 114 14 12
127 115 1 11
127 121 3 12
127 122 1 12
127 127 11 12
127 128 9 12
127 131 1 12
128 111 2 13
128 114 5 13
128 117 2 13
128 127 9 12
131 127 1 12
132 97 1 13
136 136 19 12
137 137 9 13