0 0 18 1
0 1 79 0
0 4 2 6
0 5 2 7
0 7 150 0
0 8 2 6
0 9 2 7
0 10 19 0
0 11 4 7
0 76 3 5
0 101 2 7
1 0 79 0
1 1 2 7
1 3 30 4
1 5 6 6
1 6 8 7
1 7 78 0
1 8 8 5
1 9 10 5
1 10 14 6
1 11 4 7
1 76 2 7
1 101 2 7
2 4 2 6
3 1 30 4
4 0 2 6
4 2 2 6
4 4 12 6
4 8 2 5
4 11 2 7
4 13 6 6
4 52 2 6
4 85 16 6
5 0 2 7
5 1 6 6
5 11 24 0
5 16 4 5
6 1 8 7
6 9 8 7
6 18 4 5
6 80 4 7
7 0 150 0
7 1 78 0
7 85 18 7
7 101 20 7
8 0 2 6
8 1 8 5
8 4 2 5
8 18 6 5
8 85 12 6
9 0 2 7
9 1 10 5
9 6 8 7
9 18 16 5
10 0 19 0
10 1 14 6
10 15 16 7
10 20 5 7
10 31 4 5
10 35 5 7
10 36 3 7
10 53 4 7
10 76 3 6
11 0 4 7
11 1 4 7
11 4 2 7
11 5 24 0
12 36 11 6
12 78 6 7
12 89 4 7
13 4 6 6
13 14 9 4
13 18 4 6
13 50 4 7
13 80 4 6
13 108 4 7
14 13 9 4
14 21 4 6
14 23 22 3
14 30 4 4
14 42 20 6
14 45 11 7
14 46 4 3
14 66 53 5
14 87 4 7
14 94 4 7
14 95 7 7
15 10 16 7
15 17 8 6
15 22 4 7
15 31 11 6
15 33 40 7
15 76 3 7
15 99 11 7
16 5 4 5
16 22 16 5
16 35 12 7
16 36 14 5
16 47 2 7
16 73 4 7
17 15 8 6
17 22 4 7
17 35 5 3
17 36 15 7
17 49 3 7
18 6 4 5
18 8 6 5
18 9 16 5
18 13 4 6
18 55 15 7
18 80 14 7
18 89 2 6
19 44 3 7
19 55 4 7
19 56 4 7
19 68 8 5
20 10 5 7
20 20 17 7
20 22 5 7
20 26 25 5
20 27 124 3
20 30 6 7
20 33 4 7
20 35 9 7
20 39 6 7
20 46 65 7
20 52 5 7
21 14 4 6
21 23 13 4
21 42 8 7
21 46 2 7
22 15 4 7
22 16 16 5
22 17 4 7
22 20 5 7
22 26 8 7
22 31 16 5
22 33 16 6
22 35 5 7
22 36 35 5
22 40 4 7
22 49 12 7
22 67 4 7
22 73 4 5
22 78 4 7
23 14 22 3
23 21 13 4
23 30 2 3
23 43 3 7
23 46 4 7
24 24 8 3
24 25 4 7
24 65 4 7
24 104 4 7
25 24 4 7
26 20 25 5
26 22 8 7
26 27 17 5
26 35 9 7
26 46 61 6
27 20 124 3
27 26 17 5
27 30 3 7
27 46 12 7
27 63 5 7
28 29 21 3
28 44 38 3
28 59 1 7
28 64 10 7
28 104 1 7
28 107 1 7
29 28 21 3
29 44 23 6
29 74 6 5
29 77 3 5
29 86 4 7
29 87 4 7
30 14 4 4
30 20 6 7
30 23 2 3
30 27 3 7
30 39 2 3
31 10 4 5
31 15 11 6
31 22 16 5
31 33 4 6
33 15 40 7
33 20 4 7
33 22 16 6
33 31 4 6
33 35 25 6
33 36 11 4
33 49 3 6
33 83 4 7
34 35 13 7
35 10 5 7
35 16 12 7
35 17 5 3
35 20 9 7
35 22 5 7
35 26 9 7
35 33 25 6
35 34 13 7
35 35 21 3
35 36 22 6
35 67 15 5
36 10 3 7
36 12 11 6
36 16 14 5
36 17 15 7
36 22 35 5
36 33 11 4
36 35 22 6
36 40 20 7
36 47 3 6
36 49 36 5
36 50 3 7
36 53 4 6
36 55 15 7
36 76 3 7
36 81 10 7
36 95 4 7
37 40 4 7
37 47 9 7
38 39 1 7
39 20 6 7
39 30 2 3
39 38 1 7
39 73 4 7
40 22 4 7
40 36 20 7
40 37 4 7
40 55 12 7
40 58 11 6
40 70 4 7
40 74 4 6
40 77 8 6
40 81 4 6
40 86 11 7
42 14 20 6
42 21 8 7
43 23 3 7
44 19 3 7
44 28 38 3
44 29 23 6
44 44 2 7
44 56 2 7
44 71 18 6
44 81 6 6
44 84 6 6
45 14 11 7
46 14 4 3
46 20 65 7
46 21 2 7
46 23 4 7
46 26 61 6
46 27 12 7
47 16 2 7
47 36 3 6
47 37 9 7
47 78 3 6
47 109 3 7
48 81 8 7
49 17 3 7
49 22 12 7
49 33 3 6
49 36 36 5
50 13 4 7
50 36 3 7
51 51 4 7
51 59 4 7
51 75 8 7
52 4 2 6
52 20 5 7
52 52 1 7
53 10 4 7
53 36 4 6
55 18 15 7
55 19 4 7
55 36 15 7
55 40 12 7
55 83 7 6
55 86 4 7
55 89 16 6
55 102 8 7
56 19 4 7
56 44 2 7
56 81 4 7
56 82 4 6
57 98 4 7
58 40 11 6
58 103 3 7
59 28 1 7
59 51 4 7
63 27 5 7
64 28 10 7
64 69 4 7
64 81 8 7
65 24 4 7
66 14 53 5
66 81 15 6
67 22 4 7
67 35 15 5
68 19 8 5
69 64 4 7
70 40 4 7
71 44 18 6
73 16 4 7
73 22 4 5
73 39 4 7
74 29 6 5
74 40 4 6
75 51 8 7
76 0 3 5
76 1 2 7
76 10 3 6
76 15 3 7
76 36 3 7
77 29 3 5
77 40 8 6
78 12 6 7
78 22 4 7
78 47 3 6
80 6 4 7
80 13 4 6
80 18 14 7
81 36 10 7
81 40 4 6
81 44 6 6
81 48 8 7
81 56 4 7
81 64 8 7
81 66 15 6
81 82 3 7
81 84 4 7
81 91 4 7
82 56 4 6
82 81 3 7
83 33 4 7
83 55 7 6
84 44 6 6
84 81 4 7
85 4 16 6
85 7 18 7
85 8 12 6
85 85 8 7
86 29 4 7
86 40 11 7
86 55 4 7
87 14 4 7
87 29 4 7
89 12 4 7
89 18 2 6
89 55 16 6
91 81 4 7
92 100 8 7
93 98 8 7
94 14 4 7
94 95 4 6
95 14 7 7
95 36 4 7
95 94 4 6
97 97 4 6
98 57 4 7
98 93 8 7
98 106 4 7
99 15 11 7
100 92 8 7
101 0 2 7
101 1 2 7
101 7 20 7
102 55 8 7
103 58 3 7
104 24 4 7
104 28 1 7
104 104 6 7
105 105 8 7
106 98 4 7
107 28 1 7
108 13 4 7
109 47 3 7