1 3 17 13
1 5 1 14
1 7 18 14
1 95 3 14
1 101 24 14
2 2 1 14
2 10 2 14
2 36 3 14
2 52 1 14
3 1 17 13
3 5 7 14
3 7 30 12
3 18 2 12
3 101 3 12
5 1 1 14
5 3 7 14
5 5 4 12
5 10 1 14
5 85 9 14
7 1 18 14
7 3 30 12
7 72 1 14
7 101 14 14
10 2 2 14
10 5 1 14
10 10 20 11
10 15 1 14
10 17 9 13
10 27 3 14
10 31 7 9
10 36 84 10
10 53 2 14
10 76 8 14
10 77 9 10
10 78 21 12
10 137 1 14
13 13 10 12
13 18 27 6
13 78 1 10
13 80 41 6
13 138 24 14
15 10 1 14
15 17 3 13
15 63 4 14
15 99 2 14
17 10 9 13
17 15 3 13
17 22 1 10
17 31 3 13
17 36 17 11
17 39 3 14
17 49 5 10
17 50 6 14
17 53 2 14
17 70 5 14
17 76 5 14
18 3 2 12
18 13 27 6
18 18 33 14
18 80 2 13
18 108 4 13
18 138 5 14
21 23 2 14
21 34 14 12
21 63 2 14
22 17 1 10
22 31 1 14
22 36 1 14
22 78 1 14
23 21 2 14
23 23 3 13
23 30 4 14
23 34 1 13
23 38 30 13
23 39 7 14
23 43 1 14
23 45 5 14
23 52 6 14
23 54 4 14
23 61 2 14
23 135 5 14
24 24 2 14
24 25 2 14
24 70 2 14
24 74 2 10
24 139 2 14
25 24 2 14
27 10 3 14
27 27 3 14
27 36 1 14
27 46 95 7
27 63 2 14
28 44 2 14
28 50 4 14
28 104 6 13
28 107 2 14
28 133 1 14
28 134 3 14
30 23 4 14
30 38 2 14
30 39 3 14
30 42 3 14
30 43 6 14
30 45 18 14
30 54 41 12
30 112 4 14
31 10 7 9
31 17 3 13
31 22 1 14
31 31 5 13
31 38 6 14
31 49 4 13
31 63 2 14
31 79 1 14
31 97 14 14
31 136 2 14
34 21 14 12
34 23 1 13
34 42 33 12
34 43 2 14
34 54 2 14
34 61 11 13
34 99 48 13
34 112 3 13
36 2 3 14
36 10 84 10
36 17 17 11
36 22 1 14
36 27 1 14
36 36 1 13
36 37 28 12
36 39 7 14
36 47 2 14
36 48 3 14
36 49 2 12
36 50 3 14
36 55 1 14
36 57 2 14
36 78 8 13
36 81 13 10
36 126 1 14
37 36 28 12
37 55 3 13
37 74 2 13
37 75 1 14
37 78 1 14
37 84 1 14
37 89 3 14
37 139 6 14
38 23 30 13
38 30 2 14
38 31 6 14
38 38 4 13
38 39 14 11
38 45 13 12
38 61 90 13
38 99 6 14
39 17 3 14
39 23 7 14
39 30 3 14
39 36 7 14
39 38 14 11
39 45 8 14
39 63 4 14
42 30 3 14
42 34 33 12
42 43 2 14
42 61 20 14
42 99 1 14
42 135 1 14
43 23 1 14
43 30 6 14
43 34 2 14
43 42 2 14
43 61 1 14
44 28 2 14
44 47 2 13
44 56 1 14
44 74 2 14
44 81 10 14
44 104 1 14
44 107 4 13
44 126 1 14
44 138 2 14
45 23 5 14
45 30 18 14
45 38 13 12
45 39 8 14
45 54 1 14
45 61 7 14
46 27 95 7
46 46 59 8
46 78 77 12
47 36 2 14
47 44 2 13
47 48 10 13
47 78 3 14
47 81 15 14
48 36 3 14
48 47 10 13
48 71 2 14
48 74 2 14
48 77 2 14
48 78 3 14
48 81 17 13
48 88 2 14
48 107 2 14
48 125 1 14
49 17 5 10
49 31 4 13
49 36 2 12
49 49 4 14
49 63 3 14
50 17 6 14
50 28 4 14
50 36 3 14
50 50 1 14
50 63 3 14
50 76 1 14
52 2 1 14
52 23 6 14
52 63 3 14
52 130 88 14
53 10 2 14
53 17 2 14
53 63 5 14
54 23 4 14
54 30 41 12
54 34 2 14
54 45 1 14
54 54 11 12
54 112 1 13
55 36 1 14
55 37 3 13
55 74 1 14
55 81 2 14
56 44 1 14
56 66 2 11
56 81 2 14
56 104 4 14
57 36 2 14
57 84 1 12
61 23 2 14
61 34 11 13
61 38 90 13
61 42 20 14
61 43 1 14
61 45 7 14
61 99 12 14
62 62 2 14
62 71 15 14
62 81 1 14
62 107 6 14
63 15 4 14
63 21 2 14
63 27 2 14
63 31 2 14
63 39 4 14
63 49 3 14
63 50 3 14
63 52 3 14
63 53 5 14
63 70 2 14
63 73 4 14
63 79 2 14
66 56 2 11
66 71 2 14
66 81 3 14
66 125 1 14
69 75 8 14
69 76 13 14
69 89 2 14
69 124 1 14
70 17 5 14
70 24 2 14
70 63 2 14
71 48 2 14
71 62 15 14
71 66 2 14
71 74 2 14
71 80 1 14
71 81 8 14
71 108 15 13
71 138 8 14
72 7 1 14
72 124 1 14
73 63 4 14
73 97 2 14
73 100 1 14
73 116 2 14
73 132 1 14
74 24 2 10
74 37 2 13
74 44 2 14
74 48 2 14
74 55 1 14
74 71 2 14
74 80 1 14
74 81 8 14
74 94 6 14
74 125 13 14
75 37 1 14
75 69 8 14
75 76 10 13
75 89 6 14
75 94 10 14
75 95 3 13
75 124 5 14
75 139 2 14
76 10 8 14
76 17 5 14
76 50 1 14
76 69 13 14
76 75 10 13
76 94 19 13
77 10 9 10
77 48 2 14
77 95 17 14
77 136 5 14
78 10 21 12
78 13 1 10
78 22 1 14
78 36 8 13
78 37 1 14
78 46 77 12
78 47 3 14
78 48 3 14
78 80 102 13
78 81 19 13
78 108 1 14
78 132 3 14
78 138 10 14
79 31 1 14
79 63 2 14
80 13 41 6
80 18 2 13
80 71 1 14
80 74 1 14
80 78 102 13
80 80 6 14
80 108 9 13
80 138 37 14
81 36 13 10
81 44 10 14
81 47 15 14
81 48 17 13
81 55 2 14
81 56 2 14
81 62 1 14
81 66 3 14
81 71 8 14
81 74 8 14
81 78 19 13
81 88 1 14
81 104 2 14
81 107 4 14
81 125 2 12
81 126 2 14
83 102 7 14
84 37 1 14
84 57 1 12
85 5 9 14
88 48 2 14
88 81 1 14
88 128 1 14
89 37 3 14
89 69 2 14
89 75 6 14
94 74 6 14
94 75 10 14
94 76 19 13
95 1 3 14
95 75 3 13
95 77 17 14
95 95 1 14
97 31 14 14
97 73 2 14
97 97 5 14
97 136 1 14
99 15 2 14
99 34 48 13
99 38 6 14
99 42 1 14
99 61 12 14
99 99 3 14
99 135 4 14
100 73 1 14
101 1 24 14
101 3 3 12
101 7 14 14
102 83 7 14
104 28 6 13
104 44 1 14
104 56 4 14
104 81 2 14
104 104 10 14
106 106 1 14
107 28 2 14
107 44 4 13
107 48 2 14
107 62 6 14
107 81 4 14
108 18 4 13
108 71 15 13
108 78 1 14
108 80 9 13
108 138 20 14
110 110 1 14
111 117 1 14
111 122 1 14
111 127 27 10
111 128 2 13
112 30 4 14
112 34 3 13
112 54 1 13
114 127 3 12
114 128 16 13
115 115 2 14
116 73 2 14
117 111 1 14
117 122 2 14
117 127 1 14
120 120 5 14
121 127 1 12
121 129 2 14
122 111 1 14
122 117 2 14
124 69 1 14
124 72 1 14
124 75 5 14
125 48 1 14
125 66 1 14
125 74 13 14
125 81 2 12
126 36 1 14
126 44 1 14
126 81 2 14
127 111 27 10
127 114 3 12
127 117 1 14
127 121 1 12
127 127 15 12
127 128 6 12
127 129 1 14
128 88 1 14
128 111 2 13
128 114 16 13
128 127 6 12
129 121 2 14
129 127 1 14
129 131 2 14
130 52 88 14
131 129 2 14
132 73 1 14
132 78 3 14
133 28 1 14
133 136 1 14
134 28 3 14
135 23 5 14
135 42 1 14
135 99 4 14
135 135 6 14
136 31 2 14
136 77 5 14
136 97 1 14
136 133 1 14
136 136 2 12
136 137 1 14
137 10 1 14
137 136 1 14
137 137 8 13
138 13 24 14
138 18 5 14
138 44 2 14
138 71 8 14
138 78 10 14
138 80 37 14
138 108 20 14
139 24 2 14
139 37 6 14
139 75 2 14
140 140 1 14