
3 7 101
2 10 31 36
1 5 10

3 5 7 10 31 85 101 136

1 5 13 24 85 101


2 3 5 10 17 26 27 31 36 49 53 55 57 63 77 81 136


7 13 18 78 101 102 134



10 31 36 57 76
13 18


24 30 34 39 42 99 112 135

30 38 45 85
7 21 24 25 55 85 134
24
10
10 27 36 46
28 44 56 133 134

21 23 30 34 38 39 42 43 45 54 61 112
2 5 10 17 31 36 136


21 30 38 42 43 45 54 61 99 112 135

2 10 17 27 31 36 37 48 49 53 55 57 63 71 76 78 81 88 95 136
36 37 47 55 89 139
23 30 34 38 39 42 45 61 135
21 30 38 45 61 63 73


21 30 34 38 43 45 54 61 99 135
30 34 42 61 135
28 62 107
23 30 34 38 39 42 45 54 63
27 46 78
37 48 57 81 100
36 47 74
10 36 76 79
76

79 130
10 36 55 63
30 34 42 45 54 61 112 135
10 24 36 37 53 81 102
28 71 81 104 125
10 17 36 47 84 136 137
77 134

98
30 34 38 39 42 43 54
44
10 36 39 45 53





75 76 95

36 56 81 138

39 73
48 80 81 94 136
69 76 89 94 95 124 139
17 36 49 50 69 75 89 94
10 58 77 104 125 139
13 36 46 80 81 138
49 52 79
74 78 108 138
10 36 47 55 56 71 74 78 88 107 125 126


57
5 7 23 24 85 134


36 81 126
37 75 76



98 100
74 75 76 94 95
36 69 75 94 124 139

100 136
60 93
21 34 42 135
47 93 97
1 5 7 13
13 55

56 77
105

44 81
80


127
21 30 34 54 112

122 127 128 131


121 127 128 131


120
117 127 129 141
114 127 141
128
75 95
56 77 81
81 88 126
111 114 117 121 122 127 129 131 141
114 117 123
121 127 141
52
114 117 127 141

28
13 24 28 58 85
21 34 38 42 43 54 99 135
5 10 31 36 57 74 97 136
57 137
71 78 80
37 75 77 95

121 122 127 129 131
142
