0 1 4 5 7 8 9 10 11 76 101
0 1 3 5 6 7 8 9 10 11 76 101
4
1
0 2 4 8 11 13 52 85
0 1 11 16
1 9 18 80
0 1 85 101
0 1 4 18 85
0 1 6 18
0 1 15 20 31 35 36 53 76
0 1 4 5
36 78 89
4 14 18 50 80 108
13 21 23 30 42 45 46 66 87 94 95
10 17 22 31 33 76 99
5 22 35 36 47 73
15 22 35 36 49
6 8 9 13 55 80 89
44 55 56 68
10 20 22 26 27 30 33 35 39 46 52
14 23 42 46
15 16 17 20 26 31 33 35 36 40 49 67 73 78
14 21 30 43 46
24 25 65 104
24
20 22 27 35 46
20 26 30 46 63
29 44 59 64 104 107
28 44 74 77 86 87
14 20 23 27 39
10 15 22 33

15 20 22 31 35 36 49 83
35
10 16 17 20 22 26 33 34 35 36 67
10 12 16 17 22 33 35 40 47 49 50 53 55 76 81 95
40 47
39
20 30 38 73
22 36 37 55 58 70 74 77 81 86

14 21
23
19 28 29 44 56 71 81 84
14
14 20 21 23 26 27
16 36 37 78 109
81
17 22 33 36
13 36
51 59 75
4 20 52
10 36

18 19 36 40 83 86 89 102
19 44 81 82
98
40 103
28 51



27
28 69 81
24
14 81
22 35
19
64
40
44

16 22 39
29 40
51
0 1 10 15 36
29 40
12 22 47

6 13 18
36 40 44 48 56 64 66 82 84 91
56 81
33 55
44 81
4 7 8 85
29 40 55
14 29

12 18 55

81
100
98
14 95
14 36 94

97
57 93 106
15
92
0 1 7
55
58
24 28 104
105
98
28
13
47
