
3
63
1 7 18 101
46
5

3


10 17 31 36 50 77 78


13 18 78 80 108
46
17

10 15 22 31 36 46 49 63 67
3 13 77 80 108


34 42 61 105 112
17 26 46 49
23 34 38
37 74

22 46
46 79
81 104

34 46 54
10 17 31 49


21 23 30 42 61 99 112

10 17 36 37 49 78 81
24 36 47 55 74 104 124
23 38 39 45 61
38 49 67


21 34 112

47 107
38
4 14 17 22 26 27 30 46 78
37 44 48 57 77 104
47 81
17 22 31 36 39
10



30 54 112
37
66
47 81 84



21 34 38

2 17


56 126
17 39 67 79



108


24 37
76 95
75 94 95
10 18 47 104
10 13 36 46 80 81 99 107
27 67 79
13 18 78 108
28 36 48 57 78 81 125


57







106 120

76
75 76

132

34 78
120
3


28 37 47 77
21
92
44 78 125
13 18 71 80 108


121 123 127 128
21 34 42 54

117 127 128
127

114 128


92 100
111 127
127
111
37
81 107
66
111 114 115 121 122 127 128 131
111 114 117 127


127
97



136
137
