0 1 3 4 7 10 76 101
0 1 3 5 7 8 9 10 13 85 101 103
4 5 33
0 1 5 7
0 2 4 7 26 52 85
1 2 3 11 85
8 9 18 72 96 103
0 1 3 4 7 72 101 103
1 6 9 13 18 81 85
1 6 8 18 41
0 1 16 22 26 31 33 36 48 53 76 77 83
5
33 56 69 93 100
1 8 13 18 72 78 80 108
21 23 42 46 61 81 94
15 17 33 45 53 99
10 22 26 36
15 22 31 33 35 49 76
6 8 9 13 103
44
20 22 26 27 30 33 46 63
14
10 16 17 20 26 31 36 49 52 53 63 78 83
14 30 34 38 45 46 54 80 112
24 25 41 51 55 65 74 102
24
4 10 16 20 22 27 36 46 85
20 26 46
29 44 50
28 29 44 66 74 87 107
20 23
10 17 22 31 36 53 69

2 10 12 15 17 20 35 36 49 67
23
17 33 35
10 16 22 26 31 33 55 59 69 81

23 61

55 58
9 24
14

19 28 29 44 62 71 81 84 91 125
15 23 61
14 20 23 26 27 46

10 81
17 22 33
28
24
4 22 67 130
10 15 22 31
23
24 36 40 74 75 83 89 102
12 81 125

40 96 103 104
36 59

14 38 45 79
44 81 91
20 22 79

24
29 81
33 52

12 31 36 75 81

44
6 7 13 78 101 103

24 29 55 87 94
55 69 83 94 124
0 10 17
10
13 22 72 80
61 63 103
13 23 78 81
8 14 36 44 48 56 62 66 69 80 82 87 91
81 82 102
10 22 55 75
44
1 4 5 8 26 85

29 74 81 107

55

44 62 81

12
14 74 75 94 95
94
6 58 96
97

15
12
0 1 7 72 103
24 55 82 110
1 6 7 18 58 72 79 101 103
58
105

29 87
13

102
114 117 126 127 128 129
23

111 126


111



127


75
44 56
111 114
111 121
111
111
52
