0 1 4 6 7 10 13 53 76 85 96
0 1 3 7 8 9 10 57 76 101
4 10 85
1
0 2 4 5 6 7 8 17 20 22 26 46 52 85 102
4 11 16 26 85 113
0 4 8 9 13 18 58 78 103
0 1 4 7 85 101
1 4 6 18 85
1 6 18 41
0 1 2 10 15 17 35 76
5
17 36 116
0 6 18 80
14 21 23 46 66 69 94 95
10 20 22 31 33 53 99
5 22 35 36
4 10 12 20 33 35 36 39
6 8 9 13 18
24 44 56 71 81 82 84 108
4 15 17 22 26 27 30 31 39 46 49 63 67
14 23 34 42 112
4 15 16 20 26 31 33 36 49 55 63 67 78
14 21 23 30 34 39
19 25 65 89
24
4 5 20 22 27 36 46
20 26 46
28 29 44 50 59 64
28 74 86 87 107
20 23 38 39 46
15 20 22 33 67 78

15 17 22 31 35 36 40 49 53 67 76
21 23 42
10 16 17 33 35 40 49 50
12 16 17 22 26 33 37 40 49 55 57 76
36
30 39 45 61
17 20 23 30 38
33 35 36 55 77 104
9
21 34

19 28 44 56 62 71 81 84 107
38
4 14 20 26 27 30 46 48
109
46 81
20 22 33 35 36
28 35 55

4 63
0 15 33 63

22 36 40 50 64 102
19 44 56 81
1 36
6 96
28

38
44
20 22 52 53
28 55 69
24
14 81
20 22 31 33

14 64
96
19 44 81
111

29 87
94
0 1 10 33 36
40
6 22 31

13
19 44 48 56 66 71 81 82
19 81
102
19 44
0 2 4 5 7 8 101
29
29 74 95 107

24


100

14 75 95
14 87 94
0 58 70 96 103
97

15
92
1 7 85 103
4 55 83 110
6 96 101
40 104


29 44 87
19
47
102
72 111
21
5
115
114
12
