0 1 2 5 7 8 10 13 76
0 3 7 101 103
0 4 5 10 77
1
2 4 5 20 26 46 52
0 2 4 8 11 85 110 118
8 9 18 40 72 103
0 1 7 8 9 72 101 103
0 5 6 7 9 13 18 55 59 85
6 7 8 18 85 89 103
0 2 10 15 16 17 22 27 30 31 35 36 40 76 77
5
36
0 8 18 72 78 80 95 103 108
14 21 23 30 42 44 46 56 66 108
10 15 20 33 36 63 67
10 36 76 118
10 22 27 36 49
6 8 9 13 18 72 80 85 103 108
81
4 15 20 26 27 30 36 38 39 46 52 63 67 79 82
14 23 42 54
10 17 27 49 53 67 79
14 21 30
25 55 65 74
24
4 20 27 36 46
10 17 20 22 26 27 36 46
29 44 50 134
28 44 74 87 96 104 107
10 14 20 23 30 39
10 31 39 49 67 76

15 35 39 67 83
35
10 33 34 39 76
10 12 15 16 17 20 26 27 36 39 40 47 50 53 55 63 78 81

20 39 61 67
20 30 31 33 35 36 38 67 73
6 10 36 55 86

14 21

14 28 29 44 56 62 71 81 91 125

4 14 20 26 27 46
36 48 66 78 98 132
47 66 125
17 22 31
28 36 50 72

4 20 63 130
22 36
21
8 24 36 40 59 64 65 74 86 102
14 44 66 71 72 81 91

70
8 55

38
44 62
15 20 36 52
55 89
24 55 95
14 47 48 56 81 125
15 20 22 31 33 38 39 79

75 124
58
44 56 81
6 7 13 18 50 56 78 81 101 103
39
24 29 55 94
69 75 94 95 124
0 10 16 31 35
2 10 95 104
13 36 47 72 80 81 108
20 22 67 79
13 18 78 87
19 36 44 56 66 71 72 78 126
20
33 89 102

5 8 9 18 85 127
40 55
29 80 107 108

9 64 83

44 56

98 116
74 75 95
13 65 75 77 94 95
29

47 93 118

105 118 120
1 7 72
55 83 110
1 6 7 9 13 18 72 103
29 77
100

29 87
13 14 18 78 87
109
5 102
114 127


111 117 122
127
93
114 122
5 16 98 100

100
129 131
114 117

69 75
44 48 66 125 133
81
85 111 115

121
52
121
47
125
28
