0 1 2 4 7 8 10 76
0 3 5 7 8 9 10 38 88 95
0 2 4
1
0 2 4 5 8 13 20 22 26 52 85
1 4 11 16 22
8 18
0 1 7
0 1 4 6 18 22 36 40 85
1 18
0 1 10 17 31 55 64 76
5
36 40 55
4 14 18 80
13 21 23 30 42 46 66
17 31 53
5 22 36
10 15 35 76
6 8 9 13 18 58 89
68 82
4 26 27
14 23 90
4 5 8 16 22 27 31 33 36 73
14 21 30 38
24 41 55

4 20 27 46
20 22 26 36
29 44
28 44 74 77
14 23 39 46
10 15 22 33 35 67

22 31 35 36 40 49 55 67 81

17 31 33 35 36 49 63 67
8 12 16 22 27 33 35 47 49 53

1 23 61
30
8 12 33 58 74 77 81 83 87 96
24
14

28 29 71 81 84 86

14 26 30
36 78

33 35 36


4
15 36 55 96

10 12 24 33 53 83 89
82

18 40 74 96


38

35
10 65
64
14 81
31 33 35 79
19


44 81

22
29 40 58 87

0 10 17
29 40
47
67
13
33 40 44 66 71
19 56 91
40 55
44
4 8
44
40 74
1
18 55
21 90
82
93
92
95
1 94
40 53 58
97
