0 1 2 4 5 7 8 10 64 76 101
0 3 4 7 8 10 101
0 2 4 5 20 85
1
0 1 2 4 5 6 7 8 20 52 85
0 2 4 5 11 85
4 8 9 13 18 28 72 78 103
0 1 4 16 72 101 103
0 1 4 6 18 77 85
6 18
0 1 17 31 33 35 76
5 11
33 35 93
6 13 18 43 80
21 23 30 42 66 69 81 94
15 20 33 49 67 99
7 22 26 31 36 106
10 20 35 36 53
6 8 9 13 18 103
56
2 4 15 17 20 22 26 27 30 46 63
14 23 42
16 20 26 27 31 33 35 36 40 49 50 55 57 63 67 78
14 21 23 30 39 42 45 54
24 25 41 55 65
24
16 20 22 27 30 46
20 22 26 27 33 36 46
6 29 44
28 44 74 87
14 20 23 26 39 46
10 16 22 35 36 67

10 12 15 22 27 33 35 49 76 83
35
10 12 17 22 31 33 34 35 36 49 50 67 73
16 17 22 27 31 35 36 40 47 49 50 57 63 76 78

39 45 61
23 30 38 45 61
22 36 77 86 96 104
24
14 21 23 54
13
28 29 44 56 71 81
23 38 39
20 26 27 30 46
36 48 116
47 81
15 22 33 35 36 49
22 35 36 67

4
17
23 42
22 24 86
19 44 81 104
22 36
96


38 39
71
20 22 36
0
24
14 81 82
15 22 31 35 50

14

44 62 81
6 7 78 111
35
29 87 94 107
87 94 104 124
0 10 33 36 87
8 40
6 22 36 72 80 81

13 78
14 44 48 56 66 71 78 82
66 81 84 102
33 102
82
2 4 5 8 85
40 55
29 74 75 76 107

89


100
12
14 74 75 94 95
94
40 58


15
92
0 1 7
82 83 110
6 7 18 103
40 56 75
120
16
74 87


102
72 114 118 121 123


111 122
117
47
115
111
119
105
111
114
111
75
