
3 5 7 95 101
2 10 36 52
1 5 7 18 101

1 3 5 10 85

1 3 72 101


2 5 10 15 17 27 31 36 53 76 77 78 137


13 18 78 80 138

10 17 63 99

10 15 22 31 36 39 49 50 53 70 76
3 13 18 80 108 138


23 34 63
17 31 36 78
21 23 30 34 38 39 43 45 52 54 61 135
24 25 70 74 139
24

10 27 36 46 63
44 50 104 107 133 134

23 38 39 42 43 45 54 112
10 17 22 31 38 49 63 79 97 136


21 23 42 43 54 61 99 112

2 10 17 22 27 36 37 39 47 48 49 50 55 57 78 81 126
36 55 74 75 78 84 89 139
23 30 31 38 39 45 61 99
17 23 30 36 38 45 63


30 34 43 61 99 135
23 30 34 42 61
28 47 56 74 81 104 107 126 138
23 30 38 39 54 61
27 46 78
36 44 48 78 81
36 47 71 74 77 78 81 88 107 125
17 31 36 49 63
17 28 36 50 63 76

2 23 63 130
10 17 63
23 30 34 45 54 112
36 37 74 81
44 66 81 104
36 84



23 34 38 42 43 45 99
62 71 81 107
15 21 27 31 39 49 50 52 53 70 73 79


56 71 81 125


75 76 89 124
17 24 63
48 62 66 74 80 81 108 138
7 124
63 97 100 116 132
24 37 44 48 55 71 80 81 94 125
37 69 76 89 94 95 124 139
10 17 50 69 75 94
10 48 95 136
10 13 22 36 37 46 47 48 80 81 108 132 138
31 63
13 18 71 74 78 80 108 138
36 44 47 48 55 56 62 66 71 74 78 88 104 107 125 126

102
37 57
5


48 81 128
37 69 75




74 75 76
1 75 77 95

31 73 97 136

15 34 38 42 61 99 135
73
1 3 7
83

28 44 56 81 104

106
28 44 48 62 81
18 71 78 80 138

110
117 122 127 128
30 34 54

127 128
115
73
111 122 127


120
127 129
111 117

69 72 75
48 66 74 81
36 44 81
111 114 117 121 127 128 129
88 111 114 127
121 127 131
52
129
73 78
28 136
28
23 42 99 135
31 77 97 133 136 137
10 136 137
13 18 44 71 78 80 108
24 37 75
140
