0 1 7 10 26 30
0 7
4 8 20
3 7 18 49 101
2 5 20 26 46 52
4 5 85
8 9 18 72 96 134
0 1 3 8 101 103
2 6 7 9 26 55 85
6 8 18 103
0 10 16 26 31 36 76 77 78


13 18 72 78 80 108
27 46
27 33 39 49
10 36 53 127
20 22 26 33 35 36 46 49 79
3 6 9 13 18 72 85 101

2 4 17 26 27 36 46 52 63 67 79
21 34 42 105
17 22 26 31 36 46 49 67 135
46
25 65 74
24
0 4 8 10 17 20 22 27 36 46
14 15 20 26 36 46


0 38 54
10 22 36 76

15 17
21 42
17
10 16 17 20 22 26 27 31 37 47 49 53 57 76 81
36 57 76
30 39 45
15 38 42


21 34 39 54 112
54
81
38
4 14 17 20 22 23 26 27 46 67 78
36 66

3 15 17 22 36 79


4 20 79 130
16 36
30 42 43 54
8 65 74 89
66
36 37 84
104




20

24 55
47 56 81 95
20 22 46

75 124


6 13 18 78 118

24 55
69 124
10 31 36 37 79
10
10 13 46 72
17 20 49 52 76
13
36 44 66 125 126


57
5 8 18 85 127


97 128
55


100

95
66 94 133
6
88


92 100
3 7 18

7 9
58
21


13
120

114 117 122 127
42

111 117 121 122 127
127

111 114 127
72

109
114 127
111 114 127

69 75
81
81
16 85 111 114 115 117 121 122 127 128 129 131
88 127
127
52
127

95
6
22
136
