0 1 3 7 10 76
0 1 3 7 8 9
2 7
0 1 4 7 18
3 8
5 8 11 16
8 18
0 1 2 3 72
1 4 5 6 18
1 18
0 31 35 64
5
17
14 50
13 14 23 30 44 46 54 66

5 22 35 36
12 22 35 40
3 6 8 9 18 58
68 71
22 26 27 30
23
16 17 20 27 31 35 36 73
14 21 23 30 38
24 25 41 55 65 70
24
20 27
20 22 26
29 44 50
28 29 74 77
14 20 23 39
10 22 36 38

36

10 16 17 22 35 49 50 67
16 22 31 33 37 49 57 78
36 47
23 31 39
30 38
17
24


14 28

14
37

35 36
13 28 35


67
14
24

36
18



71

10 69
24
14
35 53
19
64
24
19 62
7
22 75
29
73
0
29
36
