0.46022075 -0.091230616 -0.09615156 -0.054689586 0.5618249 -0.35813347 -0.104608275 0.06015718 0.5532602 0.055428494
0.4536082 -0.12181034 -0.23927252 -0.044887405 0.79427576 -0.18578632 -0.21440394 -0.08136124 0.026901294 0.03784977
0.4871171 -0.09094592 0.6363062 0.47603214 -0.071819484 -0.060139894 0.30194965 -0.0763836 0.1249113 -0.039594367
-0.007095235 -0.105231516 -0.19688539 0.1907695 0.8773587 -0.17599167 -0.038553085 -0.059049077 -0.025101224 0.32769594
-0.19827443 0.78599715 -0.1932631 -0.13992772 -0.24546057 -0.3568117 -0.121466585 -0.15120797 -0.17486617 0.17379202
0.70973736 -0.10591248 -0.13729616 0.09360342 0.43301105 -0.20828147 0.013968778 -0.07572921 0.45280337 0.1249115
-0.11566885 -0.17623042 0.5873842 -0.35467833 -0.21626842 -0.37627113 -0.5034151 0.0011398834 -0.094147414 -0.18466951
0.38660988 0.08853124 -0.010258557 0.068998285 0.7841811 -0.25616434 -0.25270334 0.18162805 -0.043760985 0.24188063
-0.2877493 -0.06818886 -0.32162398 -0.0169394 -0.10003197 -0.68411076 -0.39519083 -0.39143115 -0.14467463 -0.02197343
0.5900976 -0.20315248 -0.2836353 -0.19225742 0.6559801 -0.13090666 -0.08661828 -0.15984918 -0.08374544 -0.07475126
0.3205058 -0.08753963 -0.12504716 0.09351188 0.76304764 -0.20891038 -0.07764848 -0.056101065 0.4738592 -0.07501455
0.6308252 -0.08061958 -0.20748037 0.12673655 0.3109577 -0.14673579 -0.13969277 -0.38923973 0.49689865 -0.017137978
-0.07146752 0.6814612 -0.029033335 -0.05719255 0.25214082 0.50464195 -0.028087357 0.4518067 -0.05549488 -0.012362034
-0.1062954 -0.18501584 0.6921262 -0.2327321 -0.2329823 0.2835444 0.20690686 0.30440128 -0.2998436 -0.24741168
0.1485952 -0.07599406 -0.010106694 -0.16915159 -0.14862749 -0.13285948 -0.15311077 0.9064568 -0.055577513 -0.23556851
0.26684108 -0.4253265 -0.10933159 -0.23086251 -0.3633724 -0.38556418 -0.31817472 -0.33976912 0.37697396 -0.20773904
-0.051592678 -0.11226163 -0.027064258 -0.20157571 -0.075411655 0.92208534 -0.13278739 -0.1367764 -0.063817784 -0.2168618
0.7525627 0.47435525 -0.031414576 0.14272812 0.12516953 0.10278528 -0.17156743 0.1461302 0.33027264 -0.034303088
-0.015668126 -0.06580564 -0.10776132 -0.16630724 -0.034480345 -0.069363475 -0.053527847 0.7747033 0.5304 -0.2565128
-0.11437902 -0.015718525 0.45137358 0.79824805 -0.0019780388 -0.08088993 -0.29975307 -0.21195814 0.022065902 -0.0626113
0.342385 -0.07961759 -0.15953617 -0.11796738 0.6409738 -0.18161026 -0.05060994 0.6146812 -0.069757245 -0.08930446
-0.2118536 -0.07442725 0.74947345 -0.23999007 -0.20620215 -0.302044 -0.20992193 -0.20943415 -0.22663793 -0.23922458
-0.20062928 -0.15249506 0.92244494 -0.07103231 -0.12558085 -0.048405048 -0.111679666 -0.14627154 -0.09995744 -0.13627194
