-0.022646498 -0.17702387 -0.10325916 -0.15035136 -0.071767986 0.8275278 -0.08246023 -0.05791414 0.47034043 -0.116425484
-0.022305742 -0.22198512 -0.065838195 -0.0768154 -0.100885026 0.6756747 0.022641754 -0.14367992 0.65976924 -0.12970649
-0.10639943 -0.08847572 -0.037890382 -0.15133135 -0.04665699 -0.0603076 -0.097543806 -0.0895999 0.9651934 -0.039488886
-0.008773034 -0.30669653 -0.059034493 -0.091084585 -0.10799239 0.76369405 -0.17519714 -0.25300676 0.45074847 -0.03615612
-0.32572472 -0.19766364 -0.082995236 -0.27289394 -0.06704681 0.44778827 -0.09721317 0.7399555 -0.010094901 -0.106663555
-0.0005999226 -0.21868701 -0.03321074 -0.16840248 -0.0843219 -0.043413296 0.34935343 -0.19025622 -0.07517622 0.8659225
-0.19241582 -0.022682153 -0.03449736 -0.0020908073 -0.081318505 -0.03136474 0.75149447 0.60959893 -0.11002535 -0.0721829
0.11699003 -0.16002625 -0.18883109 -0.16087738 -0.13980354 0.81076074 -0.085555814 -0.10998376 0.44961897 -0.026732951
0.42474866 -0.19658045 -0.07446449 -0.122523256 -0.07968478 0.48377514 0.50232786 -0.29024467 -0.077988386 0.4211203
-0.09481656 -0.0505791 -0.090628974 -0.027726559 -0.03534997 -0.064575955 0.9093063 0.3829513 -0.020604655 -0.011633241
-0.16809644 -0.10045919 -0.16154614 -0.17494002 -0.068101294 0.44845104 -0.05394008 -0.09331092 0.82674044 -0.063937776
0.24287266 -0.17981926 -0.007952402 -0.034793016 -0.039071932 -0.02931238 -0.011320568 -0.06051128 -0.07490682 0.9463707
-0.24654618 -0.024668146 0.085966274 0.4240186 -0.13930021 -0.045713376 -0.04679097 0.7969182 -0.20432165 -0.22564338
0.9280519 -0.20767824 -0.03043935 0.15717955 0.13283645 -0.0533406 -0.15260674 -0.13006707 -0.065846965 -0.07017573
0.92288715 -0.018867083 0.022569526 -0.10866264 0.23566307 0.21965806 -0.07733885 -0.07319866 0.13301352 -0.052799143
-0.47051656 -0.16243201 -0.21117552 -0.4672276 0.2358534 -0.08116248 -0.2170065 -0.15430056 -0.41732758 -0.4266806
-0.052327704 -0.053322986 -0.061273433 -0.039160293 -0.05358724 -0.046334706 0.562391 -0.037641123 -0.17846702 0.7965935
-0.35617357 0.25385058 -0.59930843 -0.25812843 -0.10891228 -0.27605584 0.104164064 0.10102199 -0.4665231 -0.23692021
